# %ECSV 1.0
# ---
# datatype:
# - {name: T, unit: K, datatype: int64}
# - {name: Q, datatype: float64}
# meta: !!omap
# - {Comment: 'Partition function tabulation for H2. Retrieved from https://hitran.org/data/Q/q103.txt on 2025-05-06T12:44:07.453440.
#     See also https://hitran.org/docs/iso-meta/.'}
# schema: astropy-2.0
T Q
1 1.0
2 1.0
3 1.0
4 1.0
5 1.0
6 1.0
7 1.0
8 1.0
9 1.0
10 1.0
11 1.0
12 1.00001
13 1.00002
14 1.00005
15 1.0001
16 1.00021
17 1.0004
18 1.00069
19 1.00114
20 1.00179
21 1.00268
22 1.00388
23 1.00544
24 1.0074
25 1.00984
26 1.01279
27 1.0163
28 1.02042
29 1.02519
30 1.03065
31 1.03681
32 1.04371
33 1.05137
34 1.0598
35 1.06902
36 1.07902
37 1.0898
38 1.10138
39 1.11374
40 1.12688
41 1.14078
42 1.15544
43 1.17083
44 1.18695
45 1.20377
46 1.22127
47 1.23944
48 1.25825
49 1.27768
50 1.29771
51 1.31832
52 1.33949
53 1.36119
54 1.38341
55 1.40611
56 1.42928
57 1.45289
58 1.47693
59 1.50138
60 1.52621
61 1.5514
62 1.57694
63 1.6028
64 1.62898
65 1.65544
66 1.68218
67 1.70918
68 1.73642
69 1.76388
70 1.79156
71 1.81943
72 1.84749
73 1.87572
74 1.90411
75 1.93265
76 1.96132
77 1.99012
78 2.01903
79 2.04804
80 2.07715
81 2.10634
82 2.13561
83 2.16495
84 2.19435
85 2.2238
86 2.2533
87 2.28283
88 2.3124
89 2.34199
90 2.3716
91 2.40123
92 2.43086
93 2.4605
94 2.49014
95 2.51978
96 2.5494
97 2.57901
98 2.60861
99 2.63818
100 2.66773
101 2.69725
102 2.72674
103 2.7562
104 2.78562
105 2.81501
106 2.84435
107 2.87365
108 2.90291
109 2.93212
110 2.96128
111 2.99039
112 3.01945
113 3.04846
114 3.07742
115 3.10632
116 3.13516
117 3.16395
118 3.19268
119 3.22135
120 3.24996
121 3.27851
122 3.307
123 3.33543
124 3.3638
125 3.3921
126 3.42035
127 3.44853
128 3.47665
129 3.50471
130 3.5327
131 3.56064
132 3.58851
133 3.61632
134 3.64406
135 3.67175
136 3.69937
137 3.72693
138 3.75443
139 3.78187
140 3.80925
141 3.83657
142 3.86383
143 3.89103
144 3.91817
145 3.94526
146 3.97228
147 3.99925
148 4.02616
149 4.05301
150 4.07981
151 4.10655
152 4.13324
153 4.15987
154 4.18645
155 4.21297
156 4.23945
157 4.26587
158 4.29224
159 4.31856
160 4.34483
161 4.37105
162 4.39722
163 4.42334
164 4.44942
165 4.47544
166 4.50142
167 4.52736
168 4.55325
169 4.5791
170 4.6049
171 4.63066
172 4.65638
173 4.68205
174 4.70769
175 4.73328
176 4.75883
177 4.78435
178 4.80982
179 4.83526
180 4.86066
181 4.88602
182 4.91135
183 4.93664
184 4.9619
185 4.98712
186 5.0123
187 5.03746
188 5.06258
189 5.08767
190 5.11273
191 5.13775
192 5.16275
193 5.18771
194 5.21265
195 5.23756
196 5.26243
197 5.28729
198 5.31211
199 5.33691
200 5.36168
201 5.38642
202 5.41114
203 5.43583
204 5.4605
205 5.48515
206 5.50977
207 5.53437
208 5.55895
209 5.5835
210 5.60804
211 5.63255
212 5.65704
213 5.68151
214 5.70596
215 5.73039
216 5.7548
217 5.77919
218 5.80357
219 5.82792
220 5.85226
221 5.87659
222 5.90089
223 5.92518
224 5.94945
225 5.9737
226 5.99794
227 6.02217
228 6.04638
229 6.07058
230 6.09476
231 6.11892
232 6.14308
233 6.16722
234 6.19135
235 6.21546
236 6.23956
237 6.26365
238 6.28773
239 6.3118
240 6.33585
241 6.3599
242 6.38393
243 6.40796
244 6.43197
245 6.45597
246 6.47996
247 6.50395
248 6.52792
249 6.55189
250 6.57584
251 6.59979
252 6.62373
253 6.64766
254 6.67158
255 6.69549
256 6.7194
257 6.7433
258 6.76719
259 6.79107
260 6.81495
261 6.83882
262 6.86268
263 6.88654
264 6.91039
265 6.93424
266 6.95808
267 6.98191
268 7.00574
269 7.02956
270 7.05338
271 7.07719
272 7.101
273 7.1248
274 7.1486
275 7.17239
276 7.19618
277 7.21996
278 7.24374
279 7.26752
280 7.29129
281 7.31505
282 7.33882
283 7.36258
284 7.38633
285 7.41009
286 7.43384
287 7.45758
288 7.48133
289 7.50507
290 7.5288
291 7.55254
292 7.57627
293 7.6
294 7.62373
295 7.64745
296 7.67117
297 7.69489
298 7.71861
299 7.74232
300 7.76603
301 7.78974
302 7.81345
303 7.83716
304 7.86087
305 7.88457
306 7.90827
307 7.93197
308 7.95567
309 7.97937
310 8.00306
311 8.02676
312 8.05045
313 8.07414
314 8.09783
315 8.12153
316 8.14521
317 8.1689
318 8.19259
319 8.21627
320 8.23996
321 8.26364
322 8.28733
323 8.31101
324 8.33469
325 8.35837
326 8.38205
327 8.40573
328 8.42942
329 8.45309
330 8.47677
331 8.50045
332 8.52413
333 8.54781
334 8.57149
335 8.59516
336 8.61884
337 8.64252
338 8.6662
339 8.68988
340 8.71355
341 8.73723
342 8.76091
343 8.78458
344 8.80826
345 8.83194
346 8.85561
347 8.87929
348 8.90297
349 8.92665
350 8.95032
351 8.974
352 8.99768
353 9.02136
354 9.04504
355 9.06872
356 9.0924
357 9.11608
358 9.13976
359 9.16344
360 9.18712
361 9.2108
362 9.23448
363 9.25817
364 9.28185
365 9.30553
366 9.32922
367 9.3529
368 9.37659
369 9.40027
370 9.42396
371 9.44765
372 9.47133
373 9.49502
374 9.51871
375 9.5424
376 9.56609
377 9.58978
378 9.61347
379 9.63716
380 9.66086
381 9.68455
382 9.70824
383 9.73194
384 9.75563
385 9.77933
386 9.80303
387 9.82673
388 9.85042
389 9.87412
390 9.89782
391 9.92153
392 9.94523
393 9.96893
394 9.99263
395 10.01634
396 10.04004
397 10.06375
398 10.08746
399 10.11116
400 10.13487
401 10.15858
402 10.18229
403 10.206
404 10.22972
405 10.25343
406 10.27714
407 10.30086
408 10.32457
409 10.34829
410 10.37201
411 10.39573
412 10.41945
413 10.44317
414 10.46689
415 10.49061
416 10.51433
417 10.53806
418 10.56178
419 10.58551
420 10.60924
421 10.63297
422 10.65669
423 10.68042
424 10.70416
425 10.72789
426 10.75162
427 10.77535
428 10.79909
429 10.82282
430 10.84656
431 10.8703
432 10.89404
433 10.91778
434 10.94152
435 10.96526
436 10.98901
437 11.01275
438 11.03649
439 11.06024
440 11.08399
441 11.10773
442 11.13148
443 11.15523
444 11.17899
445 11.20274
446 11.22649
447 11.25024
448 11.274
449 11.29776
450 11.32151
451 11.34527
452 11.36903
453 11.39279
454 11.41655
455 11.44032
456 11.46408
457 11.48784
458 11.51161
459 11.53538
460 11.55914
461 11.58291
462 11.60668
463 11.63045
464 11.65422
465 11.678
466 11.70177
467 11.72555
468 11.74932
469 11.7731
470 11.79688
471 11.82066
472 11.84444
473 11.86822
474 11.892
475 11.91578
476 11.93957
477 11.96335
478 11.98714
479 12.01093
480 12.03472
481 12.05851
482 12.0823
483 12.10609
484 12.12988
485 12.15367
486 12.17747
487 12.20126
488 12.22506
489 12.24886
490 12.27266
491 12.29646
492 12.32026
493 12.34406
494 12.36787
495 12.39167
496 12.41548
497 12.43928
498 12.46309
499 12.4869
500 12.51071
501 12.53452
502 12.55833
503 12.58215
504 12.60596
505 12.62977
506 12.65359
507 12.67741
508 12.70123
509 12.72504
510 12.74887
511 12.77269
512 12.79651
513 12.82033
514 12.84416
515 12.86798
516 12.89181
517 12.91564
518 12.93947
519 12.9633
520 12.98713
521 13.01096
522 13.03479
523 13.05863
524 13.08246
525 13.1063
526 13.13014
527 13.15397
528 13.17781
529 13.20165
530 13.2255
531 13.24934
532 13.27318
533 13.29703
534 13.32087
535 13.34472
536 13.36857
537 13.39242
538 13.41627
539 13.44012
540 13.46397
541 13.48783
542 13.51168
543 13.53553
544 13.55939
545 13.58325
546 13.60711
547 13.63097
548 13.65483
549 13.67869
550 13.70255
551 13.72642
552 13.75028
553 13.77415
554 13.79802
555 13.82188
556 13.84576
557 13.86962
558 13.8935
559 13.91737
560 13.94124
561 13.96512
562 13.98899
563 14.01287
564 14.03675
565 14.06063
566 14.08451
567 14.10839
568 14.13227
569 14.15616
570 14.18004
571 14.20393
572 14.22781
573 14.2517
574 14.27559
575 14.29948
576 14.32337
577 14.34726
578 14.37116
579 14.39505
580 14.41895
581 14.44284
582 14.46674
583 14.49064
584 14.51454
585 14.53844
586 14.56234
587 14.58625
588 14.61015
589 14.63406
590 14.65796
591 14.68187
592 14.70578
593 14.72969
594 14.7536
595 14.77751
596 14.80143
597 14.82534
598 14.84925
599 14.87317
600 14.89709
601 14.92101
602 14.94493
603 14.96885
604 14.99277
605 15.01669
606 15.04062
607 15.06454
608 15.08847
609 15.1124
610 15.13633
611 15.16025
612 15.18419
613 15.20812
614 15.23205
615 15.25599
616 15.27992
617 15.30386
618 15.3278
619 15.35173
620 15.37567
621 15.39962
622 15.42356
623 15.4475
624 15.47145
625 15.49539
626 15.51934
627 15.54329
628 15.56724
629 15.59118
630 15.61514
631 15.63909
632 15.66304
633 15.687
634 15.71095
635 15.73491
636 15.75887
637 15.78283
638 15.80679
639 15.83075
640 15.85471
641 15.87868
642 15.90264
643 15.92661
644 15.95058
645 15.97455
646 15.99851
647 16.02249
648 16.04646
649 16.07043
650 16.09441
651 16.11838
652 16.14236
653 16.16634
654 16.19032
655 16.2143
656 16.23828
657 16.26226
658 16.28625
659 16.31023
660 16.33422
661 16.35821
662 16.38219
663 16.40618
664 16.43017
665 16.45417
666 16.47816
667 16.50216
668 16.52615
669 16.55015
670 16.57415
671 16.59815
672 16.62215
673 16.64615
674 16.67015
675 16.69416
676 16.71816
677 16.74217
678 16.76618
679 16.79019
680 16.8142
681 16.83821
682 16.86222
683 16.88624
684 16.91025
685 16.93427
686 16.95829
687 16.98231
688 17.00633
689 17.03035
690 17.05438
691 17.0784
692 17.10243
693 17.12645
694 17.15048
695 17.17451
696 17.19854
697 17.22257
698 17.24661
699 17.27064
700 17.29468
701 17.31871
702 17.34275
703 17.36679
704 17.39083
705 17.41487
706 17.43892
707 17.46296
708 17.48701
709 17.51106
710 17.53511
711 17.55916
712 17.58321
713 17.60726
714 17.63132
715 17.65537
716 17.67943
717 17.70349
718 17.72754
719 17.75161
720 17.77567
721 17.79973
722 17.8238
723 17.84786
724 17.87193
725 17.896
726 17.92007
727 17.94414
728 17.96821
729 17.99228
730 18.01636
731 18.04044
732 18.06452
733 18.0886
734 18.11268
735 18.13676
736 18.16084
737 18.18493
738 18.20901
739 18.2331
740 18.25719
741 18.28128
742 18.30537
743 18.32947
744 18.35356
745 18.37766
746 18.40175
747 18.42585
748 18.44995
749 18.47405
750 18.49816
751 18.52226
752 18.54637
753 18.57048
754 18.59459
755 18.6187
756 18.64281
757 18.66692
758 18.69103
759 18.71515
760 18.73927
761 18.76339
762 18.78751
763 18.81163
764 18.83575
765 18.85988
766 18.884
767 18.90813
768 18.93226
769 18.95639
770 18.98053
771 19.00466
772 19.02879
773 19.05293
774 19.07707
775 19.10121
776 19.12535
777 19.14949
778 19.17364
779 19.19778
780 19.22193
781 19.24608
782 19.27023
783 19.29438
784 19.31853
785 19.34269
786 19.36684
787 19.391
788 19.41516
789 19.43932
790 19.46348
791 19.48765
792 19.51181
793 19.53598
794 19.56015
795 19.58432
796 19.60849
797 19.63267
798 19.65684
799 19.68102
800 19.7052
801 19.72938
802 19.75356
803 19.77774
804 19.80193
805 19.82611
806 19.8503
807 19.87449
808 19.89868
809 19.92287
810 19.94707
811 19.97126
812 19.99546
813 20.01966
814 20.04386
815 20.06806
816 20.09227
817 20.11647
818 20.14068
819 20.16489
820 20.1891
821 20.21331
822 20.23753
823 20.26174
824 20.28596
825 20.31018
826 20.3344
827 20.35862
828 20.38285
829 20.40707
830 20.4313
831 20.45553
832 20.47976
833 20.50399
834 20.52823
835 20.55246
836 20.5767
837 20.60094
838 20.62518
839 20.64943
840 20.67367
841 20.69792
842 20.72217
843 20.74641
844 20.77067
845 20.79492
846 20.81918
847 20.84343
848 20.86769
849 20.89195
850 20.91622
851 20.94048
852 20.96475
853 20.98901
854 21.01328
855 21.03756
856 21.06183
857 21.0861
858 21.11038
859 21.13466
860 21.15894
861 21.18322
862 21.20751
863 21.23179
864 21.25608
865 21.28037
866 21.30466
867 21.32896
868 21.35325
869 21.37755
870 21.40185
871 21.42615
872 21.45045
873 21.47476
874 21.49906
875 21.52337
876 21.54768
877 21.57199
878 21.59631
879 21.62062
880 21.64494
881 21.66926
882 21.69358
883 21.71791
884 21.74223
885 21.76656
886 21.79089
887 21.81522
888 21.83956
889 21.86389
890 21.88823
891 21.91257
892 21.93691
893 21.96125
894 21.9856
895 22.00995
896 22.0343
897 22.05865
898 22.083
899 22.10736
900 22.13171
901 22.15607
902 22.18043
903 22.2048
904 22.22916
905 22.25353
906 22.2779
907 22.30227
908 22.32664
909 22.35102
910 22.3754
911 22.39978
912 22.42416
913 22.44854
914 22.47293
915 22.49732
916 22.52171
917 22.5461
918 22.5705
919 22.59489
920 22.61929
921 22.64369
922 22.66809
923 22.6925
924 22.71691
925 22.74132
926 22.76573
927 22.79014
928 22.81455
929 22.83897
930 22.86339
931 22.88781
932 22.91224
933 22.93667
934 22.96109
935 22.98552
936 23.00996
937 23.03439
938 23.05883
939 23.08327
940 23.10771
941 23.13216
942 23.1566
943 23.18105
944 23.2055
945 23.22995
946 23.25441
947 23.27886
948 23.30332
949 23.32779
950 23.35225
951 23.37672
952 23.40119
953 23.42566
954 23.45013
955 23.4746
956 23.49908
957 23.52356
958 23.54804
959 23.57253
960 23.59701
961 23.6215
962 23.646
963 23.67049
964 23.69499
965 23.71948
966 23.74398
967 23.76849
968 23.79299
969 23.8175
970 23.84201
971 23.86652
972 23.89104
973 23.91556
974 23.94008
975 23.9646
976 23.98912
977 24.01365
978 24.03818
979 24.06271
980 24.08724
981 24.11178
982 24.13632
983 24.16086
984 24.1854
985 24.20995
986 24.2345
987 24.25905
988 24.2836
989 24.30816
990 24.33272
991 24.35728
992 24.38184
993 24.40641
994 24.43098
995 24.45555
996 24.48012
997 24.5047
998 24.52927
999 24.55385
1000 24.57844
1001 24.60302
1002 24.62761
1003 24.6522
1004 24.6768
1005 24.70139
1006 24.72599
1007 24.75059
1008 24.7752
1009 24.7998
1010 24.82441
1011 24.84902
1012 24.87364
1013 24.89825
1014 24.92287
1015 24.94749
1016 24.97212
1017 24.99675
1018 25.02137
1019 25.04601
1020 25.07064
1021 25.09528
1022 25.11992
1023 25.14456
1024 25.16921
1025 25.19385
1026 25.21851
1027 25.24316
1028 25.26781
1029 25.29247
1030 25.31713
1031 25.3418
1032 25.36647
1033 25.39113
1034 25.41581
1035 25.44048
1036 25.46516
1037 25.48984
1038 25.51452
1039 25.53921
1040 25.5639
1041 25.58859
1042 25.61328
1043 25.63798
1044 25.66268
1045 25.68738
1046 25.71208
1047 25.73679
1048 25.7615
1049 25.78622
1050 25.81093
1051 25.83565
1052 25.86037
1053 25.8851
1054 25.90982
1055 25.93455
1056 25.95929
1057 25.98402
1058 26.00876
1059 26.0335
1060 26.05825
1061 26.08299
1062 26.10774
1063 26.1325
1064 26.15725
1065 26.18201
1066 26.20677
1067 26.23154
1068 26.2563
1069 26.28107
1070 26.30585
1071 26.33062
1072 26.3554
1073 26.38018
1074 26.40497
1075 26.42976
1076 26.45455
1077 26.47934
1078 26.50414
1079 26.52894
1080 26.55374
1081 26.57854
1082 26.60335
1083 26.62816
1084 26.65298
1085 26.67779
1086 26.70262
1087 26.72744
1088 26.75227
1089 26.77709
1090 26.80193
1091 26.82676
1092 26.8516
1093 26.87644
1094 26.90129
1095 26.92613
1096 26.95098
1097 26.97584
1098 27.00069
1099 27.02555
1100 27.05042
1101 27.07528
1102 27.10015
1103 27.12502
1104 27.1499
1105 27.17478
1106 27.19966
1107 27.22454
1108 27.24943
1109 27.27432
1110 27.29921
1111 27.32411
1112 27.34901
1113 27.37391
1114 27.39882
1115 27.42373
1116 27.44864
1117 27.47356
1118 27.49848
1119 27.5234
1120 27.54832
1121 27.57325
1122 27.59819
1123 27.62312
1124 27.64806
1125 27.673
1126 27.69795
1127 27.72289
1128 27.74784
1129 27.7728
1130 27.79776
1131 27.82272
1132 27.84768
1133 27.87265
1134 27.89762
1135 27.92259
1136 27.94757
1137 27.97255
1138 27.99753
1139 28.02252
1140 28.04751
1141 28.07251
1142 28.0975
1143 28.1225
1144 28.14751
1145 28.17251
1146 28.19752
1147 28.22254
1148 28.24756
1149 28.27258
1150 28.2976
1151 28.32263
1152 28.34766
1153 28.37269
1154 28.39773
1155 28.42277
1156 28.44781
1157 28.47286
1158 28.49791
1159 28.52297
1160 28.54802
1161 28.57308
1162 28.59815
1163 28.62322
1164 28.64829
1165 28.67336
1166 28.69844
1167 28.72352
1168 28.74861
1169 28.7737
1170 28.79879
1171 28.82389
1172 28.84899
1173 28.87409
1174 28.89919
1175 28.92431
1176 28.94942
1177 28.97453
1178 28.99966
1179 29.02478
1180 29.04991
1181 29.07504
1182 29.10017
1183 29.12531
1184 29.15045
1185 29.1756
1186 29.20075
1187 29.2259
1188 29.25105
1189 29.27621
1190 29.30138
1191 29.32654
1192 29.35171
1193 29.37689
1194 29.40207
1195 29.42725
1196 29.45243
1197 29.47762
1198 29.50281
1199 29.52801
1200 29.55321
1201 29.57841
1202 29.60362
1203 29.62883
1204 29.65404
1205 29.67926
1206 29.70448
1207 29.7297
1208 29.75493
1209 29.78017
1210 29.8054
1211 29.83064
1212 29.85589
1213 29.88113
1214 29.90639
1215 29.93164
1216 29.9569
1217 29.98216
1218 30.00743
1219 30.0327
1220 30.05797
1221 30.08325
1222 30.10853
1223 30.13381
1224 30.1591
1225 30.1844
1226 30.20969
1227 30.23499
1228 30.2603
1229 30.28561
1230 30.31092
1231 30.33623
1232 30.36155
1233 30.38688
1234 30.4122
1235 30.43753
1236 30.46287
1237 30.48821
1238 30.51355
1239 30.5389
1240 30.56425
1241 30.5896
1242 30.61496
1243 30.64032
1244 30.66569
1245 30.69106
1246 30.71643
1247 30.74181
1248 30.76719
1249 30.79258
1250 30.81797
1251 30.84336
1252 30.86876
1253 30.89416
1254 30.91956
1255 30.94497
1256 30.97039
1257 30.99581
1258 31.02123
1259 31.04665
1260 31.07208
1261 31.09752
1262 31.12295
1263 31.14839
1264 31.17384
1265 31.19929
1266 31.22474
1267 31.2502
1268 31.27566
1269 31.30113
1270 31.3266
1271 31.35207
1272 31.37755
1273 31.40303
1274 31.42852
1275 31.45401
1276 31.4795
1277 31.505
1278 31.5305
1279 31.55601
1280 31.58152
1281 31.60704
1282 31.63256
1283 31.65808
1284 31.68361
1285 31.70914
1286 31.73467
1287 31.76021
1288 31.78576
1289 31.81131
1290 31.83686
1291 31.86241
1292 31.88798
1293 31.91354
1294 31.93911
1295 31.96468
1296 31.99026
1297 32.01584
1298 32.04143
1299 32.06702
1300 32.09261
1301 32.11821
1302 32.14382
1303 32.16942
1304 32.19503
1305 32.22065
1306 32.24627
1307 32.2719
1308 32.29752
1309 32.32316
1310 32.34879
1311 32.37443
1312 32.40008
1313 32.42573
1314 32.45139
1315 32.47704
1316 32.50271
1317 32.52837
1318 32.55405
1319 32.57972
1320 32.6054
1321 32.63109
1322 32.65678
1323 32.68247
1324 32.70817
1325 32.73387
1326 32.75958
1327 32.78529
1328 32.81101
1329 32.83673
1330 32.86245
1331 32.88818
1332 32.91391
1333 32.93965
1334 32.96539
1335 32.99114
1336 33.01689
1337 33.04265
1338 33.06841
1339 33.09417
1340 33.11994
1341 33.14571
1342 33.17149
1343 33.19727
1344 33.22306
1345 33.24885
1346 33.27465
1347 33.30045
1348 33.32625
1349 33.35206
1350 33.37788
1351 33.40369
1352 33.42952
1353 33.45535
1354 33.48118
1355 33.50701
1356 33.53285
1357 33.5587
1358 33.58455
1359 33.61041
1360 33.63627
1361 33.66213
1362 33.688
1363 33.71387
1364 33.73975
1365 33.76563
1366 33.79152
1367 33.81741
1368 33.84331
1369 33.86921
1370 33.89511
1371 33.92103
1372 33.94694
1373 33.97286
1374 33.99878
1375 34.02471
1376 34.05065
1377 34.07659
1378 34.10253
1379 34.12848
1380 34.15443
1381 34.18039
1382 34.20635
1383 34.23232
1384 34.25829
1385 34.28426
1386 34.31024
1387 34.33623
1388 34.36222
1389 34.38822
1390 34.41421
1391 34.44022
1392 34.46623
1393 34.49224
1394 34.51826
1395 34.54429
1396 34.57031
1397 34.59635
1398 34.62239
1399 34.64843
1400 34.67448
1401 34.70053
1402 34.72659
1403 34.75265
1404 34.77871
1405 34.80479
1406 34.83086
1407 34.85695
1408 34.88303
1409 34.90912
1410 34.93522
1411 34.96132
1412 34.98743
1413 35.01354
1414 35.03965
1415 35.06577
1416 35.0919
1417 35.11803
1418 35.14417
1419 35.1703
1420 35.19645
1421 35.2226
1422 35.24876
1423 35.27492
1424 35.30108
1425 35.32725
1426 35.35343
1427 35.3796
1428 35.40579
1429 35.43198
1430 35.45817
1431 35.48437
1432 35.51058
1433 35.53679
1434 35.563
1435 35.58922
1436 35.61545
1437 35.64168
1438 35.66791
1439 35.69415
1440 35.7204
1441 35.74665
1442 35.7729
1443 35.79916
1444 35.82543
1445 35.8517
1446 35.87797
1447 35.90425
1448 35.93054
1449 35.95683
1450 35.98312
1451 36.00943
1452 36.03573
1453 36.06204
1454 36.08836
1455 36.11468
1456 36.141
1457 36.16734
1458 36.19367
1459 36.22001
1460 36.24636
1461 36.27271
1462 36.29907
1463 36.32543
1464 36.3518
1465 36.37817
1466 36.40455
1467 36.43093
1468 36.45732
1469 36.48372
1470 36.51011
1471 36.53652
1472 36.56293
1473 36.58934
1474 36.61576
1475 36.64218
1476 36.66862
1477 36.69505
1478 36.72149
1479 36.74794
1480 36.77439
1481 36.80084
1482 36.82731
1483 36.85377
1484 36.88024
1485 36.90672
1486 36.9332
1487 36.95969
1488 36.98618
1489 37.01268
1490 37.03919
1491 37.0657
1492 37.09221
1493 37.11873
1494 37.14526
1495 37.17179
1496 37.19832
1497 37.22486
1498 37.25141
1499 37.27796
1500 37.30452
1501 37.33108
1502 37.35765
1503 37.38422
1504 37.4108
1505 37.43739
1506 37.46398
1507 37.49057
1508 37.51717
1509 37.54378
1510 37.57039
1511 37.59701
1512 37.62363
1513 37.65025
1514 37.67689
1515 37.70352
1516 37.73017
1517 37.75682
1518 37.78347
1519 37.81013
1520 37.8368
1521 37.86347
1522 37.89015
1523 37.91683
1524 37.94352
1525 37.97021
1526 37.99691
1527 38.02361
1528 38.05032
1529 38.07704
1530 38.10376
1531 38.13049
1532 38.15722
1533 38.18395
1534 38.2107
1535 38.23745
1536 38.2642
1537 38.29096
1538 38.31772
1539 38.3445
1540 38.37127
1541 38.39805
1542 38.42484
1543 38.45163
1544 38.47843
1545 38.50524
1546 38.53205
1547 38.55886
1548 38.58568
1549 38.61251
1550 38.63934
1551 38.66618
1552 38.69302
1553 38.71987
1554 38.74673
1555 38.77359
1556 38.80046
1557 38.82733
1558 38.85421
1559 38.88109
1560 38.90798
1561 38.93487
1562 38.96177
1563 38.98868
1564 39.01559
1565 39.04251
1566 39.06943
1567 39.09636
1568 39.12329
1569 39.15024
1570 39.17718
1571 39.20413
1572 39.23109
1573 39.25805
1574 39.28502
1575 39.312
1576 39.33898
1577 39.36597
1578 39.39296
1579 39.41996
1580 39.44696
1581 39.47397
1582 39.50099
1583 39.52801
1584 39.55503
1585 39.58207
1586 39.6091
1587 39.63615
1588 39.6632
1589 39.69026
1590 39.71732
1591 39.74439
1592 39.77146
1593 39.79854
1594 39.82562
1595 39.85272
1596 39.87981
1597 39.90692
1598 39.93402
1599 39.96114
1600 39.98826
1601 40.01539
1602 40.04252
1603 40.06966
1604 40.0968
1605 40.12395
1606 40.15111
1607 40.17827
1608 40.20544
1609 40.23261
1610 40.25979
1611 40.28698
1612 40.31417
1613 40.34137
1614 40.36857
1615 40.39578
1616 40.423
1617 40.45022
1618 40.47745
1619 40.50468
1620 40.53192
1621 40.55917
1622 40.58642
1623 40.61368
1624 40.64094
1625 40.66821
1626 40.69548
1627 40.72277
1628 40.75005
1629 40.77735
1630 40.80465
1631 40.83195
1632 40.85926
1633 40.88658
1634 40.91391
1635 40.94124
1636 40.96857
1637 40.99591
1638 41.02326
1639 41.05062
1640 41.07798
1641 41.10534
1642 41.13272
1643 41.1601
1644 41.18748
1645 41.21487
1646 41.24227
1647 41.26967
1648 41.29708
1649 41.3245
1650 41.35192
1651 41.37935
1652 41.40678
1653 41.43422
1654 41.46167
1655 41.48912
1656 41.51658
1657 41.54404
1658 41.57152
1659 41.59899
1660 41.62648
1661 41.65397
1662 41.68146
1663 41.70896
1664 41.73647
1665 41.76399
1666 41.79151
1667 41.81904
1668 41.84657
1669 41.87411
1670 41.90165
1671 41.92921
1672 41.95676
1673 41.98433
1674 42.0119
1675 42.03948
1676 42.06706
1677 42.09465
1678 42.12224
1679 42.14985
1680 42.17746
1681 42.20507
1682 42.23269
1683 42.26032
1684 42.28795
1685 42.31559
1686 42.34324
1687 42.37089
1688 42.39855
1689 42.42621
1690 42.45389
1691 42.48156
1692 42.50925
1693 42.53694
1694 42.56464
1695 42.59234
1696 42.62005
1697 42.64776
1698 42.67549
1699 42.70322
1700 42.73095
1701 42.75869
1702 42.78644
1703 42.8142
1704 42.84196
1705 42.86972
1706 42.8975
1707 42.92528
1708 42.95307
1709 42.98086
1710 43.00866
1711 43.03646
1712 43.06428
1713 43.09209
1714 43.11992
1715 43.14775
1716 43.17559
1717 43.20343
1718 43.23128
1719 43.25914
1720 43.28701
1721 43.31488
1722 43.34275
1723 43.37064
1724 43.39853
1725 43.42642
1726 43.45433
1727 43.48224
1728 43.51015
1729 43.53807
1730 43.566
1731 43.59394
1732 43.62188
1733 43.64983
1734 43.67779
1735 43.70575
1736 43.73372
1737 43.76169
1738 43.78967
1739 43.81766
1740 43.84566
1741 43.87366
1742 43.90167
1743 43.92968
1744 43.9577
1745 43.98573
1746 44.01376
1747 44.0418
1748 44.06985
1749 44.0979
1750 44.12597
1751 44.15403
1752 44.18211
1753 44.21019
1754 44.23828
1755 44.26637
1756 44.29447
1757 44.32258
1758 44.35069
1759 44.37881
1760 44.40694
1761 44.43507
1762 44.46321
1763 44.49136
1764 44.51951
1765 44.54767
1766 44.57584
1767 44.60402
1768 44.6322
1769 44.66038
1770 44.68858
1771 44.71678
1772 44.74499
1773 44.7732
1774 44.80142
1775 44.82965
1776 44.85789
1777 44.88613
1778 44.91437
1779 44.94263
1780 44.97089
1781 44.99916
1782 45.02744
1783 45.05572
1784 45.08401
1785 45.1123
1786 45.1406
1787 45.16891
1788 45.19723
1789 45.22555
1790 45.25388
1791 45.28222
1792 45.31056
1793 45.33891
1794 45.36727
1795 45.39563
1796 45.424
1797 45.45238
1798 45.48076
1799 45.50915
1800 45.53755
1801 45.56596
1802 45.59437
1803 45.62279
1804 45.65121
1805 45.67965
1806 45.70808
1807 45.73653
1808 45.76498
1809 45.79344
1810 45.82191
1811 45.85038
1812 45.87886
1813 45.90735
1814 45.93585
1815 45.96435
1816 45.99285
1817 46.02137
1818 46.04989
1819 46.07842
1820 46.10696
1821 46.1355
1822 46.16405
1823 46.19261
1824 46.22117
1825 46.24974
1826 46.27832
1827 46.3069
1828 46.3355
1829 46.36409
1830 46.3927
1831 46.42131
1832 46.44993
1833 46.47856
1834 46.50719
1835 46.53583
1836 46.56448
1837 46.59313
1838 46.6218
1839 46.65046
1840 46.67914
1841 46.70782
1842 46.73651
1843 46.76521
1844 46.79391
1845 46.82263
1846 46.85134
1847 46.88007
1848 46.9088
1849 46.93754
1850 46.96629
1851 46.99504
1852 47.0238
1853 47.05257
1854 47.08134
1855 47.11012
1856 47.13891
1857 47.16771
1858 47.19651
1859 47.22532
1860 47.25414
1861 47.28296
1862 47.3118
1863 47.34063
1864 47.36948
1865 47.39833
1866 47.42719
1867 47.45606
1868 47.48494
1869 47.51382
1870 47.5427
1871 47.5716
1872 47.6005
1873 47.62942
1874 47.65833
1875 47.68726
1876 47.71619
1877 47.74513
1878 47.77407
1879 47.80303
1880 47.83199
1881 47.86096
1882 47.88993
1883 47.91891
1884 47.9479
1885 47.9769
1886 48.0059
1887 48.03491
1888 48.06393
1889 48.09296
1890 48.12199
1891 48.15103
1892 48.18008
1893 48.20913
1894 48.23819
1895 48.26727
1896 48.29634
1897 48.32543
1898 48.35452
1899 48.38361
1900 48.41272
1901 48.44183
1902 48.47095
1903 48.50008
1904 48.52922
1905 48.55836
1906 48.58751
1907 48.61666
1908 48.64583
1909 48.675
1910 48.70418
1911 48.73336
1912 48.76256
1913 48.79176
1914 48.82097
1915 48.85018
1916 48.8794
1917 48.90863
1918 48.93787
1919 48.96712
1920 48.99637
1921 49.02563
1922 49.0549
1923 49.08417
1924 49.11345
1925 49.14274
1926 49.17204
1927 49.20134
1928 49.23065
1929 49.25997
1930 49.2893
1931 49.31863
1932 49.34797
1933 49.37732
1934 49.40668
1935 49.43604
1936 49.46541
1937 49.49479
1938 49.52418
1939 49.55357
1940 49.58297
1941 49.61238
1942 49.6418
1943 49.67122
1944 49.70065
1945 49.73009
1946 49.75953
1947 49.78899
1948 49.81845
1949 49.84791
1950 49.87739
1951 49.90687
1952 49.93636
1953 49.96586
1954 49.99537
1955 50.02488
1956 50.0544
1957 50.08393
1958 50.11346
1959 50.14301
1960 50.17256
1961 50.20212
1962 50.23168
1963 50.26125
1964 50.29084
1965 50.32043
1966 50.35002
1967 50.37962
1968 50.40924
1969 50.43885
1970 50.46848
1971 50.49811
1972 50.52776
1973 50.55741
1974 50.58706
1975 50.61673
1976 50.6464
1977 50.67608
1978 50.70576
1979 50.73546
1980 50.76516
1981 50.79487
1982 50.82459
1983 50.85431
1984 50.88405
1985 50.91379
1986 50.94353
1987 50.97329
1988 51.00305
1989 51.03283
1990 51.0626
1991 51.09239
1992 51.12219
1993 51.15199
1994 51.1818
1995 51.21161
1996 51.24144
1997 51.27127
1998 51.30111
1999 51.33096
2000 51.36081
2001 51.39068
2002 51.42055
2003 51.45043
2004 51.48031
2005 51.51021
2006 51.54011
2007 51.57002
2008 51.59994
2009 51.62986
2010 51.65979
2011 51.68973
2012 51.71968
2013 51.74964
2014 51.7796
2015 51.80957
2016 51.83955
2017 51.86954
2018 51.89953
2019 51.92954
2020 51.95955
2021 51.98956
2022 52.01959
2023 52.04962
2024 52.07967
2025 52.10972
2026 52.13977
2027 52.16984
2028 52.19991
2029 52.22999
2030 52.26008
2031 52.29017
2032 52.32028
2033 52.35039
2034 52.38051
2035 52.41064
2036 52.44077
2037 52.47092
2038 52.50107
2039 52.53123
2040 52.56139
2041 52.59157
2042 52.62175
2043 52.65194
2044 52.68214
2045 52.71234
2046 52.74256
2047 52.77278
2048 52.80301
2049 52.83325
2050 52.86349
2051 52.89375
2052 52.92401
2053 52.95428
2054 52.98455
2055 53.01484
2056 53.04513
2057 53.07543
2058 53.10574
2059 53.13606
2060 53.16638
2061 53.19671
2062 53.22705
2063 53.2574
2064 53.28776
2065 53.31812
2066 53.34849
2067 53.37888
2068 53.40926
2069 53.43966
2070 53.47006
2071 53.50048
2072 53.5309
2073 53.56132
2074 53.59176
2075 53.6222
2076 53.65266
2077 53.68312
2078 53.71358
2079 53.74406
2080 53.77454
2081 53.80504
2082 53.83554
2083 53.86604
2084 53.89656
2085 53.92708
2086 53.95762
2087 53.98816
2088 54.0187
2089 54.04926
2090 54.07982
2091 54.1104
2092 54.14098
2093 54.17157
2094 54.20216
2095 54.23277
2096 54.26338
2097 54.294
2098 54.32463
2099 54.35527
2100 54.38591
2101 54.41656
2102 54.44722
2103 54.47789
2104 54.50857
2105 54.53925
2106 54.56995
2107 54.60065
2108 54.63136
2109 54.66208
2110 54.6928
2111 54.72354
2112 54.75428
2113 54.78503
2114 54.81579
2115 54.84656
2116 54.87733
2117 54.90811
2118 54.9389
2119 54.9697
2120 55.00051
2121 55.03132
2122 55.06215
2123 55.09298
2124 55.12382
2125 55.15467
2126 55.18552
2127 55.21639
2128 55.24726
2129 55.27814
2130 55.30903
2131 55.33993
2132 55.37083
2133 55.40175
2134 55.43267
2135 55.4636
2136 55.49454
2137 55.52548
2138 55.55644
2139 55.5874
2140 55.61837
2141 55.64935
2142 55.68034
2143 55.71133
2144 55.74234
2145 55.77335
2146 55.80437
2147 55.8354
2148 55.86644
2149 55.89748
2150 55.92853
2151 55.9596
2152 55.99067
2153 56.02174
2154 56.05283
2155 56.08393
2156 56.11503
2157 56.14614
2158 56.17726
2159 56.20839
2160 56.23952
2161 56.27067
2162 56.30182
2163 56.33298
2164 56.36415
2165 56.39533
2166 56.42652
2167 56.45771
2168 56.48891
2169 56.52013
2170 56.55134
2171 56.58257
2172 56.61381
2173 56.64505
2174 56.6763
2175 56.70757
2176 56.73884
2177 56.77011
2178 56.8014
2179 56.8327
2180 56.864
2181 56.89531
2182 56.92663
2183 56.95796
2184 56.98929
2185 57.02064
2186 57.05199
2187 57.08335
2188 57.11472
2189 57.1461
2190 57.17749
2191 57.20888
2192 57.24029
2193 57.2717
2194 57.30312
2195 57.33455
2196 57.36599
2197 57.39743
2198 57.42889
2199 57.46035
2200 57.49182
2201 57.5233
2202 57.55479
2203 57.58628
2204 57.61779
2205 57.6493
2206 57.68082
2207 57.71235
2208 57.74389
2209 57.77544
2210 57.80699
2211 57.83856
2212 57.87013
2213 57.90171
2214 57.9333
2215 57.9649
2216 57.9965
2217 58.02812
2218 58.05974
2219 58.09138
2220 58.12302
2221 58.15467
2222 58.18632
2223 58.21799
2224 58.24966
2225 58.28135
2226 58.31304
2227 58.34474
2228 58.37645
2229 58.40816
2230 58.43989
2231 58.47162
2232 58.50337
2233 58.53512
2234 58.56688
2235 58.59865
2236 58.63042
2237 58.66221
2238 58.694
2239 58.72581
2240 58.75762
2241 58.78944
2242 58.82126
2243 58.8531
2244 58.88495
2245 58.9168
2246 58.94866
2247 58.98054
2248 59.01241
2249 59.0443
2250 59.0762
2251 59.10811
2252 59.14002
2253 59.17194
2254 59.20388
2255 59.23582
2256 59.26776
2257 59.29972
2258 59.33169
2259 59.36366
2260 59.39565
2261 59.42764
2262 59.45964
2263 59.49165
2264 59.52367
2265 59.55569
2266 59.58773
2267 59.61977
2268 59.65183
2269 59.68389
2270 59.71596
2271 59.74804
2272 59.78012
2273 59.81222
2274 59.84432
2275 59.87644
2276 59.90856
2277 59.94069
2278 59.97283
2279 60.00498
2280 60.03713
2281 60.0693
2282 60.10147
2283 60.13366
2284 60.16585
2285 60.19805
2286 60.23026
2287 60.26248
2288 60.2947
2289 60.32694
2290 60.35918
2291 60.39144
2292 60.4237
2293 60.45597
2294 60.48825
2295 60.52054
2296 60.55283
2297 60.58514
2298 60.61745
2299 60.64977
2300 60.6821
2301 60.71445
2302 60.74679
2303 60.77915
2304 60.81152
2305 60.8439
2306 60.87628
2307 60.90867
2308 60.94107
2309 60.97349
2310 61.0059
2311 61.03833
2312 61.07077
2313 61.10322
2314 61.13567
2315 61.16813
2316 61.20061
2317 61.23309
2318 61.26558
2319 61.29808
2320 61.33059
2321 61.3631
2322 61.39563
2323 61.42816
2324 61.4607
2325 61.49326
2326 61.52582
2327 61.55839
2328 61.59097
2329 61.62355
2330 61.65615
2331 61.68876
2332 61.72137
2333 61.75399
2334 61.78662
2335 61.81926
2336 61.85191
2337 61.88457
2338 61.91724
2339 61.94992
2340 61.9826
2341 62.0153
2342 62.048
2343 62.08071
2344 62.11343
2345 62.14616
2346 62.1789
2347 62.21165
2348 62.2444
2349 62.27717
2350 62.30994
2351 62.34273
2352 62.37552
2353 62.40832
2354 62.44113
2355 62.47395
2356 62.50677
2357 62.53961
2358 62.57246
2359 62.60531
2360 62.63818
2361 62.67105
2362 62.70393
2363 62.73682
2364 62.76972
2365 62.80263
2366 62.83555
2367 62.86847
2368 62.90141
2369 62.93435
2370 62.96731
2371 63.00027
2372 63.03324
2373 63.06622
2374 63.09921
2375 63.13221
2376 63.16522
2377 63.19823
2378 63.23126
2379 63.26429
2380 63.29734
2381 63.33039
2382 63.36345
2383 63.39652
2384 63.4296
2385 63.46269
2386 63.49579
2387 63.5289
2388 63.56201
2389 63.59514
2390 63.62827
2391 63.66141
2392 63.69457
2393 63.72773
2394 63.7609
2395 63.79408
2396 63.82726
2397 63.86046
2398 63.89367
2399 63.92688
2400 63.96011
2401 63.99334
2402 64.02659
2403 64.05984
2404 64.0931
2405 64.12637
2406 64.15965
2407 64.19294
2408 64.22624
2409 64.25954
2410 64.29286
2411 64.32618
2412 64.35952
2413 64.39286
2414 64.42621
2415 64.45957
2416 64.49294
2417 64.52632
2418 64.55971
2419 64.59311
2420 64.62652
2421 64.65993
2422 64.69336
2423 64.72679
2424 64.76024
2425 64.79369
2426 64.82715
2427 64.86062
2428 64.8941
2429 64.92759
2430 64.96109
2431 64.9946
2432 65.02811
2433 65.06164
2434 65.09518
2435 65.12872
2436 65.16227
2437 65.19584
2438 65.22941
2439 65.26299
2440 65.29658
2441 65.33018
2442 65.36379
2443 65.39741
2444 65.43104
2445 65.46467
2446 65.49832
2447 65.53197
2448 65.56564
2449 65.59931
2450 65.63299
2451 65.66669
2452 65.70039
2453 65.7341
2454 65.76782
2455 65.80155
2456 65.83528
2457 65.86903
2458 65.90279
2459 65.93655
2460 65.97033
2461 66.00411
2462 66.03791
2463 66.07171
2464 66.10552
2465 66.13935
2466 66.17318
2467 66.20702
2468 66.24087
2469 66.27473
2470 66.30859
2471 66.34247
2472 66.37636
2473 66.41025
2474 66.44416
2475 66.47807
2476 66.512
2477 66.54593
2478 66.57987
2479 66.61382
2480 66.64778
2481 66.68175
2482 66.71573
2483 66.74972
2484 66.78372
2485 66.81773
2486 66.85175
2487 66.88577
2488 66.91981
2489 66.95386
2490 66.98791
2491 67.02197
2492 67.05605
2493 67.09013
2494 67.12422
2495 67.15832
2496 67.19243
2497 67.22655
2498 67.26068
2499 67.29482
2500 67.32897
2501 67.36313
2502 67.39729
2503 67.43147
2504 67.46566
2505 67.49985
2506 67.53406
2507 67.56827
2508 67.60249
2509 67.63673
2510 67.67097
2511 67.70522
2512 67.73948
2513 67.77375
2514 67.80803
2515 67.84232
2516 67.87662
2517 67.91093
2518 67.94524
2519 67.97957
2520 68.01391
2521 68.04825
2522 68.08261
2523 68.11697
2524 68.15135
2525 68.18573
2526 68.22012
2527 68.25453
2528 68.28894
2529 68.32336
2530 68.35779
2531 68.39223
2532 68.42668
2533 68.46114
2534 68.49561
2535 68.53009
2536 68.56458
2537 68.59907
2538 68.63358
2539 68.6681
2540 68.70262
2541 68.73716
2542 68.7717
2543 68.80625
2544 68.84082
2545 68.87539
2546 68.90998
2547 68.94457
2548 68.97917
2549 69.01378
2550 69.0484
2551 69.08303
2552 69.11767
2553 69.15232
2554 69.18698
2555 69.22165
2556 69.25633
2557 69.29101
2558 69.32571
2559 69.36042
2560 69.39513
2561 69.42986
2562 69.46459
2563 69.49934
2564 69.53409
2565 69.56886
2566 69.60363
2567 69.63841
2568 69.67321
2569 69.70801
2570 69.74282
2571 69.77764
2572 69.81247
2573 69.84731
2574 69.88216
2575 69.91702
2576 69.95189
2577 69.98677
2578 70.02166
2579 70.05656
2580 70.09147
2581 70.12638
2582 70.16131
2583 70.19625
2584 70.23119
2585 70.26615
2586 70.30111
2587 70.33609
2588 70.37107
2589 70.40607
2590 70.44107
2591 70.47609
2592 70.51111
2593 70.54614
2594 70.58119
2595 70.61624
2596 70.6513
2597 70.68637
2598 70.72145
2599 70.75654
2600 70.79164
2601 70.82675
2602 70.86187
2603 70.897
2604 70.93214
2605 70.96729
2606 71.00245
2607 71.03762
2608 71.07279
2609 71.10798
2610 71.14318
2611 71.17839
2612 71.2136
2613 71.24883
2614 71.28406
2615 71.31931
2616 71.35456
2617 71.38983
2618 71.4251
2619 71.46039
2620 71.49568
2621 71.53099
2622 71.5663
2623 71.60162
2624 71.63696
2625 71.6723
2626 71.70765
2627 71.74301
2628 71.77839
2629 71.81377
2630 71.84916
2631 71.88456
2632 71.91997
2633 71.95539
2634 71.99082
2635 72.02626
2636 72.06171
2637 72.09717
2638 72.13264
2639 72.16812
2640 72.20361
2641 72.23911
2642 72.27462
2643 72.31014
2644 72.34566
2645 72.3812
2646 72.41675
2647 72.45231
2648 72.48787
2649 72.52345
2650 72.55904
2651 72.59463
2652 72.63024
2653 72.66586
2654 72.70148
2655 72.73712
2656 72.77276
2657 72.80842
2658 72.84408
2659 72.87976
2660 72.91544
2661 72.95114
2662 72.98684
2663 73.02256
2664 73.05828
2665 73.09402
2666 73.12976
2667 73.16551
2668 73.20128
2669 73.23705
2670 73.27283
2671 73.30863
2672 73.34443
2673 73.38024
2674 73.41607
2675 73.4519
2676 73.48774
2677 73.52359
2678 73.55945
2679 73.59533
2680 73.63121
2681 73.6671
2682 73.703
2683 73.73891
2684 73.77483
2685 73.81077
2686 73.84671
2687 73.88266
2688 73.91862
2689 73.95459
2690 73.99057
2691 74.02656
2692 74.06256
2693 74.09857
2694 74.13459
2695 74.17062
2696 74.20666
2697 74.24271
2698 74.27877
2699 74.31484
2700 74.35092
2701 74.38701
2702 74.42311
2703 74.45922
2704 74.49534
2705 74.53147
2706 74.56761
2707 74.60376
2708 74.63992
2709 74.67609
2710 74.71227
2711 74.74846
2712 74.78465
2713 74.82086
2714 74.85708
2715 74.89331
2716 74.92955
2717 74.9658
2718 75.00206
2719 75.03833
2720 75.07461
2721 75.11089
2722 75.14719
2723 75.1835
2724 75.21982
2725 75.25615
2726 75.29249
2727 75.32884
2728 75.36519
2729 75.40156
2730 75.43794
2731 75.47433
2732 75.51073
2733 75.54714
2734 75.58356
2735 75.61999
2736 75.65642
2737 75.69287
2738 75.72933
2739 75.7658
2740 75.80228
2741 75.83877
2742 75.87527
2743 75.91178
2744 75.9483
2745 75.98483
2746 76.02137
2747 76.05791
2748 76.09447
2749 76.13104
2750 76.16762
2751 76.20421
2752 76.24081
2753 76.27742
2754 76.31404
2755 76.35067
2756 76.38731
2757 76.42396
2758 76.46062
2759 76.49729
2760 76.53397
2761 76.57066
2762 76.60736
2763 76.64407
2764 76.68079
2765 76.71752
2766 76.75426
2767 76.79101
2768 76.82777
2769 76.86454
2770 76.90132
2771 76.93811
2772 76.97491
2773 77.01172
2774 77.04855
2775 77.08538
2776 77.12222
2777 77.15907
2778 77.19593
2779 77.2328
2780 77.26969
2781 77.30658
2782 77.34348
2783 77.38039
2784 77.41732
2785 77.45425
2786 77.49119
2787 77.52814
2788 77.56511
2789 77.60208
2790 77.63906
2791 77.67606
2792 77.71306
2793 77.75008
2794 77.7871
2795 77.82413
2796 77.86118
2797 77.89823
2798 77.9353
2799 77.97237
2800 78.00946
2801 78.04655
2802 78.08366
2803 78.12077
2804 78.1579
2805 78.19504
2806 78.23218
2807 78.26934
2808 78.30651
2809 78.34368
2810 78.38087
2811 78.41807
2812 78.45527
2813 78.49249
2814 78.52972
2815 78.56696
2816 78.6042
2817 78.64146
2818 78.67873
2819 78.71601
2820 78.7533
2821 78.7906
2822 78.82791
2823 78.86523
2824 78.90256
2825 78.9399
2826 78.97725
2827 79.01461
2828 79.05198
2829 79.08936
2830 79.12675
2831 79.16416
2832 79.20157
2833 79.23899
2834 79.27642
2835 79.31387
2836 79.35132
2837 79.38878
2838 79.42626
2839 79.46374
2840 79.50123
2841 79.53874
2842 79.57625
2843 79.61378
2844 79.65131
2845 79.68886
2846 79.72641
2847 79.76398
2848 79.80156
2849 79.83914
2850 79.87674
2851 79.91435
2852 79.95197
2853 79.98959
2854 80.02723
2855 80.06488
2856 80.10254
2857 80.14021
2858 80.17789
2859 80.21558
2860 80.25328
2861 80.29099
2862 80.32871
2863 80.36644
2864 80.40418
2865 80.44193
2866 80.4797
2867 80.51747
2868 80.55525
2869 80.59304
2870 80.63085
2871 80.66866
2872 80.70649
2873 80.74432
2874 80.78217
2875 80.82002
2876 80.85789
2877 80.89576
2878 80.93365
2879 80.97155
2880 81.00945
2881 81.04737
2882 81.0853
2883 81.12324
2884 81.16119
2885 81.19914
2886 81.23711
2887 81.27509
2888 81.31308
2889 81.35108
2890 81.38909
2891 81.42712
2892 81.46515
2893 81.50319
2894 81.54124
2895 81.57931
2896 81.61738
2897 81.65546
2898 81.69356
2899 81.73166
2900 81.76978
2901 81.8079
2902 81.84604
2903 81.88418
2904 81.92234
2905 81.96051
2906 81.99868
2907 82.03687
2908 82.07507
2909 82.11328
2910 82.1515
2911 82.18973
2912 82.22797
2913 82.26622
2914 82.30448
2915 82.34275
2916 82.38104
2917 82.41933
2918 82.45763
2919 82.49594
2920 82.53427
2921 82.5726
2922 82.61095
2923 82.6493
2924 82.68767
2925 82.72604
2926 82.76443
2927 82.80283
2928 82.84124
2929 82.87965
2930 82.91808
2931 82.95652
2932 82.99497
2933 83.03343
2934 83.0719
2935 83.11038
2936 83.14888
2937 83.18738
2938 83.22589
2939 83.26441
2940 83.30295
2941 83.34149
2942 83.38005
2943 83.41861
2944 83.45719
2945 83.49577
2946 83.53437
2947 83.57298
2948 83.61159
2949 83.65022
2950 83.68886
2951 83.72751
2952 83.76617
2953 83.80484
2954 83.84352
2955 83.88222
2956 83.92092
2957 83.95963
2958 83.99835
2959 84.03709
2960 84.07583
2961 84.11459
2962 84.15335
2963 84.19213
2964 84.23091
2965 84.26971
2966 84.30852
2967 84.34734
2968 84.38617
2969 84.42501
2970 84.46386
2971 84.50272
2972 84.54159
2973 84.58047
2974 84.61936
2975 84.65827
2976 84.69718
2977 84.7361
2978 84.77504
2979 84.81399
2980 84.85294
2981 84.89191
2982 84.93088
2983 84.96987
2984 85.00887
2985 85.04788
2986 85.0869
2987 85.12593
2988 85.16497
2989 85.20402
2990 85.24308
2991 85.28216
2992 85.32124
2993 85.36034
2994 85.39944
2995 85.43855
2996 85.47768
2997 85.51682
2998 85.55597
2999 85.59512
3000 85.63429
3001 85.67347
3002 85.71266
3003 85.75186
3004 85.79107
3005 85.8303
3006 85.86953
3007 85.90877
3008 85.94803
3009 85.98729
3010 86.02656
3011 86.06585
3012 86.10515
3013 86.14445
3014 86.18377
3015 86.2231
3016 86.26244
3017 86.30179
3018 86.34115
3019 86.38052
3020 86.4199
3021 86.4593
3022 86.4987
3023 86.53812
3024 86.57754
3025 86.61697
3026 86.65642
3027 86.69588
3028 86.73535
3029 86.77483
3030 86.81431
3031 86.85381
3032 86.89332
3033 86.93285
3034 86.97238
3035 87.01192
3036 87.05147
3037 87.09104
3038 87.13061
3039 87.1702
3040 87.20979
3041 87.2494
3042 87.28902
3043 87.32865
3044 87.36829
3045 87.40794
3046 87.4476
3047 87.48727
3048 87.52695
3049 87.56665
3050 87.60635
3051 87.64607
3052 87.68579
3053 87.72553
3054 87.76528
3055 87.80503
3056 87.8448
3057 87.88458
3058 87.92437
3059 87.96417
3060 88.00398
3061 88.04381
3062 88.08364
3063 88.12348
3064 88.16334
3065 88.2032
3066 88.24308
3067 88.28297
3068 88.32287
3069 88.36277
3070 88.40269
3071 88.44263
3072 88.48257
3073 88.52252
3074 88.56248
3075 88.60246
3076 88.64244
3077 88.68243
3078 88.72244
3079 88.76246
3080 88.80249
3081 88.84252
3082 88.88258
3083 88.92263
3084 88.96271
3085 89.00279
3086 89.04288
3087 89.08298
3088 89.1231
3089 89.16322
3090 89.20336
3091 89.24351
3092 89.28367
3093 89.32384
3094 89.36402
3095 89.40421
3096 89.44441
3097 89.48462
3098 89.52484
3099 89.56508
3100 89.60532
3101 89.64558
3102 89.68585
3103 89.72612
3104 89.76641
3105 89.80671
3106 89.84702
3107 89.88734
3108 89.92767
3109 89.96802
3110 90.00837
3111 90.04873
3112 90.08911
3113 90.1295
3114 90.16989
3115 90.2103
3116 90.25072
3117 90.29115
3118 90.33159
3119 90.37204
3120 90.41251
3121 90.45298
3122 90.49347
3123 90.53396
3124 90.57447
3125 90.61499
3126 90.65551
3127 90.69605
3128 90.7366
3129 90.77717
3130 90.81774
3131 90.85832
3132 90.89892
3133 90.93952
3134 90.98014
3135 91.02076
3136 91.0614
3137 91.10205
3138 91.14271
3139 91.18338
3140 91.22406
3141 91.26475
3142 91.30546
3143 91.34617
3144 91.3869
3145 91.42763
3146 91.46838
3147 91.50914
3148 91.54991
3149 91.59069
3150 91.63148
3151 91.67228
3152 91.7131
3153 91.75392
3154 91.79476
3155 91.8356
3156 91.87646
3157 91.91733
3158 91.95821
3159 91.9991
3160 92.04
3161 92.08091
3162 92.12184
3163 92.16277
3164 92.20372
3165 92.24467
3166 92.28564
3167 92.32662
3168 92.36761
3169 92.40861
3170 92.44962
3171 92.49064
3172 92.53168
3173 92.57272
3174 92.61378
3175 92.65484
3176 92.69592
3177 92.73701
3178 92.77811
3179 92.81922
3180 92.86034
3181 92.90147
3182 92.94262
3183 92.98377
3184 93.02494
3185 93.06612
3186 93.1073
3187 93.1485
3188 93.18971
3189 93.23094
3190 93.27217
3191 93.31341
3192 93.35467
3193 93.39593
3194 93.43721
3195 93.4785
3196 93.5198
3197 93.5611
3198 93.60243
3199 93.64376
3200 93.6851
3201 93.72646
3202 93.76782
3203 93.8092
3204 93.85059
3205 93.89199
3206 93.93339
3207 93.97482
3208 94.01625
3209 94.05769
3210 94.09914
3211 94.14061
3212 94.18209
3213 94.22357
3214 94.26507
3215 94.30658
3216 94.3481
3217 94.38964
3218 94.43118
3219 94.47273
3220 94.5143
3221 94.55588
3222 94.59746
3223 94.63906
3224 94.68067
3225 94.72229
3226 94.76393
3227 94.80557
3228 94.84722
3229 94.88889
3230 94.93057
3231 94.97226
3232 95.01395
3233 95.05567
3234 95.09739
3235 95.13912
3236 95.18086
3237 95.22262
3238 95.26438
3239 95.30616
3240 95.34795
3241 95.38975
3242 95.43156
3243 95.47338
3244 95.51522
3245 95.55706
3246 95.59892
3247 95.64078
3248 95.68266
3249 95.72455
3250 95.76645
3251 95.80836
3252 95.85029
3253 95.89222
3254 95.93416
3255 95.97612
3256 96.01809
3257 96.06007
3258 96.10206
3259 96.14406
3260 96.18607
3261 96.22809
3262 96.27013
3263 96.31218
3264 96.35423
3265 96.3963
3266 96.43838
3267 96.48047
3268 96.52258
3269 96.56469
3270 96.60681
3271 96.64895
3272 96.6911
3273 96.73326
3274 96.77543
3275 96.81761
3276 96.8598
3277 96.902
3278 96.94422
3279 96.98644
3280 97.02868
3281 97.07093
3282 97.11319
3283 97.15546
3284 97.19774
3285 97.24004
3286 97.28234
3287 97.32466
3288 97.36698
3289 97.40932
3290 97.45167
3291 97.49403
3292 97.53641
3293 97.57879
3294 97.62119
3295 97.66359
3296 97.70601
3297 97.74844
3298 97.79088
3299 97.83333
3300 97.87579
3301 97.91827
3302 97.96075
3303 98.00325
3304 98.04576
3305 98.08828
3306 98.13081
3307 98.17335
3308 98.2159
3309 98.25847
3310 98.30104
3311 98.34363
3312 98.38623
3313 98.42884
3314 98.47146
3315 98.51409
3316 98.55674
3317 98.59939
3318 98.64206
3319 98.68474
3320 98.72743
3321 98.77013
3322 98.81284
3323 98.85556
3324 98.8983
3325 98.94104
3326 98.9838
3327 99.02657
3328 99.06935
3329 99.11214
3330 99.15494
3331 99.19776
3332 99.24058
3333 99.28342
3334 99.32627
3335 99.36913
3336 99.412
3337 99.45488
3338 99.49778
3339 99.54068
3340 99.5836
3341 99.62653
3342 99.66947
3343 99.71242
3344 99.75538
3345 99.79835
3346 99.84134
3347 99.88433
3348 99.92734
3349 99.97036
3350 100.01339
3351 100.05643
3352 100.09949
3353 100.14255
3354 100.18563
3355 100.22871
3356 100.27181
3357 100.31492
3358 100.35805
3359 100.40118
3360 100.44432
3361 100.48748
3362 100.53065
3363 100.57382
3364 100.61702
3365 100.66022
3366 100.70343
3367 100.74666
3368 100.78989
3369 100.83314
3370 100.8764
3371 100.91967
3372 100.96295
3373 101.00624
3374 101.04955
3375 101.09287
3376 101.13619
3377 101.17953
3378 101.22288
3379 101.26624
3380 101.30962
3381 101.353
3382 101.3964
3383 101.43981
3384 101.48323
3385 101.52666
3386 101.5701
3387 101.61355
3388 101.65702
3389 101.7005
3390 101.74398
3391 101.78748
3392 101.831
3393 101.87452
3394 101.91805
3395 101.9616
3396 102.00516
3397 102.04872
3398 102.0923
3399 102.1359
3400 102.1795
3401 102.22311
3402 102.26674
3403 102.31038
3404 102.35403
3405 102.39769
3406 102.44136
3407 102.48504
3408 102.52874
3409 102.57245
3410 102.61616
3411 102.65989
3412 102.70364
3413 102.74739
3414 102.79115
3415 102.83493
3416 102.87872
3417 102.92252
3418 102.96633
3419 103.01015
3420 103.05398
3421 103.09783
3422 103.14168
3423 103.18555
3424 103.22943
3425 103.27332
3426 103.31723
3427 103.36114
3428 103.40507
3429 103.44901
3430 103.49295
3431 103.53692
3432 103.58089
3433 103.62487
3434 103.66887
3435 103.71287
3436 103.75689
3437 103.80092
3438 103.84497
3439 103.88902
3440 103.93309
3441 103.97716
3442 104.02125
3443 104.06535
3444 104.10946
3445 104.15358
3446 104.19772
3447 104.24187
3448 104.28602
3449 104.33019
3450 104.37437
3451 104.41857
3452 104.46277
3453 104.50699
3454 104.55121
3455 104.59545
3456 104.6397
3457 104.68397
3458 104.72824
3459 104.77253
3460 104.81682
3461 104.86113
3462 104.90545
3463 104.94978
3464 104.99413
3465 105.03848
3466 105.08285
3467 105.12723
3468 105.17162
3469 105.21602
3470 105.26043
3471 105.30486
3472 105.3493
3473 105.39374
3474 105.4382
3475 105.48268
3476 105.52716
3477 105.57166
3478 105.61616
3479 105.66068
3480 105.70521
3481 105.74975
3482 105.79431
3483 105.83887
3484 105.88345
3485 105.92804
3486 105.97264
3487 106.01725
3488 106.06187
3489 106.10651
3490 106.15115
3491 106.19581
3492 106.24048
3493 106.28516
3494 106.32986
3495 106.37456
3496 106.41928
3497 106.46401
3498 106.50875
3499 106.5535
3500 106.59826
3501 106.64304
3502 106.68783
3503 106.73263
3504 106.77744
3505 106.82226
3506 106.86709
3507 106.91194
3508 106.9568
3509 107.00167
3510 107.04655
3511 107.09144
3512 107.13635
3513 107.18126
3514 107.22619
3515 107.27113
3516 107.31608
3517 107.36104
3518 107.40602
3519 107.451
3520 107.496
3521 107.54101
3522 107.58603
3523 107.63107
3524 107.67611
3525 107.72117
3526 107.76624
3527 107.81132
3528 107.85641
3529 107.90152
3530 107.94663
3531 107.99176
3532 108.0369
3533 108.08205
3534 108.12721
3535 108.17239
3536 108.21757
3537 108.26277
3538 108.30798
3539 108.35321
3540 108.39844
3541 108.44369
3542 108.48894
3543 108.53421
3544 108.57949
3545 108.62478
3546 108.67009
3547 108.71541
3548 108.76073
3549 108.80607
3550 108.85142
3551 108.89679
3552 108.94216
3553 108.98755
3554 109.03295
3555 109.07836
3556 109.12378
3557 109.16922
3558 109.21466
3559 109.26012
3560 109.30559
3561 109.35107
3562 109.39656
3563 109.44207
3564 109.48759
3565 109.53312
3566 109.57866
3567 109.62421
3568 109.66977
3569 109.71535
3570 109.76094
3571 109.80654
3572 109.85215
3573 109.89777
3574 109.94341
3575 109.98906
3576 110.03472
3577 110.08039
3578 110.12607
3579 110.17176
3580 110.21747
3581 110.26319
3582 110.30892
3583 110.35466
3584 110.40042
3585 110.44618
3586 110.49196
3587 110.53775
3588 110.58355
3589 110.62936
3590 110.67519
3591 110.72103
3592 110.76688
3593 110.81274
3594 110.85861
3595 110.90449
3596 110.95039
3597 110.9963
3598 111.04222
3599 111.08815
3600 111.1341
3601 111.18005
3602 111.22602
3603 111.272
3604 111.31799
3605 111.364
3606 111.41001
3607 111.45604
3608 111.50208
3609 111.54813
3610 111.59419
3611 111.64027
3612 111.68636
3613 111.73246
3614 111.77857
3615 111.82469
3616 111.87082
3617 111.91697
3618 111.96313
3619 112.0093
3620 112.05548
3621 112.10168
3622 112.14789
3623 112.1941
3624 112.24034
3625 112.28658
3626 112.33283
3627 112.3791
3628 112.42538
3629 112.47167
3630 112.51797
3631 112.56428
3632 112.61061
3633 112.65695
3634 112.7033
3635 112.74966
3636 112.79603
3637 112.84242
3638 112.88882
3639 112.93523
3640 112.98165
3641 113.02808
3642 113.07453
3643 113.12099
3644 113.16746
3645 113.21394
3646 113.26043
3647 113.30694
3648 113.35345
3649 113.39999
3650 113.44653
3651 113.49308
3652 113.53965
3653 113.58622
3654 113.63281
3655 113.67942
3656 113.72603
3657 113.77266
3658 113.81929
3659 113.86594
3660 113.9126
3661 113.95928
3662 114.00597
3663 114.05266
3664 114.09937
3665 114.1461
3666 114.19283
3667 114.23958
3668 114.28633
3669 114.3331
3670 114.37989
3671 114.42668
3672 114.47349
3673 114.5203
3674 114.56713
3675 114.61398
3676 114.66083
3677 114.7077
3678 114.75458
3679 114.80147
3680 114.84837
3681 114.89528
3682 114.94221
3683 114.98915
3684 115.0361
3685 115.08306
3686 115.13004
3687 115.17703
3688 115.22402
3689 115.27104
3690 115.31806
3691 115.36509
3692 115.41214
3693 115.4592
3694 115.50627
3695 115.55336
3696 115.60045
3697 115.64756
3698 115.69468
3699 115.74181
3700 115.78896
3701 115.83611
3702 115.88328
3703 115.93046
3704 115.97765
3705 116.02486
3706 116.07208
3707 116.1193
3708 116.16655
3709 116.2138
3710 116.26107
3711 116.30834
3712 116.35563
3713 116.40293
3714 116.45025
3715 116.49757
3716 116.54491
3717 116.59226
3718 116.63962
3719 116.687
3720 116.73438
3721 116.78178
3722 116.82919
3723 116.87662
3724 116.92405
3725 116.9715
3726 117.01896
3727 117.06643
3728 117.11391
3729 117.16141
3730 117.20892
3731 117.25644
3732 117.30397
3733 117.35151
3734 117.39907
3735 117.44664
3736 117.49422
3737 117.54181
3738 117.58942
3739 117.63703
3740 117.68466
3741 117.7323
3742 117.77996
3743 117.82762
3744 117.8753
3745 117.92299
3746 117.9707
3747 118.01841
3748 118.06614
3749 118.11388
3750 118.16163
3751 118.20939
3752 118.25717
3753 118.30496
3754 118.35276
3755 118.40057
3756 118.44839
3757 118.49623
3758 118.54408
3759 118.59194
3760 118.63981
3761 118.6877
3762 118.7356
3763 118.78351
3764 118.83143
3765 118.87936
3766 118.92731
3767 118.97527
3768 119.02324
3769 119.07122
3770 119.11922
3771 119.16723
3772 119.21524
3773 119.26328
3774 119.31132
3775 119.35938
3776 119.40745
3777 119.45553
3778 119.50362
3779 119.55173
3780 119.59985
3781 119.64798
3782 119.69612
3783 119.74427
3784 119.79244
3785 119.84062
3786 119.88881
3787 119.93701
3788 119.98523
3789 120.03346
3790 120.0817
3791 120.12995
3792 120.17822
3793 120.22649
3794 120.27478
3795 120.32308
3796 120.3714
3797 120.41972
3798 120.46806
3799 120.51641
3800 120.56478
3801 120.61315
3802 120.66154
3803 120.70994
3804 120.75835
3805 120.80678
3806 120.85522
3807 120.90366
3808 120.95213
3809 121.0006
3810 121.04909
3811 121.09758
3812 121.1461
3813 121.19462
3814 121.24315
3815 121.2917
3816 121.34026
3817 121.38883
3818 121.43742
3819 121.48601
3820 121.53463
3821 121.58325
3822 121.63188
3823 121.68053
3824 121.72919
3825 121.77786
3826 121.82654
3827 121.87524
3828 121.92394
3829 121.97266
3830 122.0214
3831 122.07014
3832 122.1189
3833 122.16767
3834 122.21645
3835 122.26524
3836 122.31405
3837 122.36287
3838 122.4117
3839 122.46054
3840 122.5094
3841 122.55827
3842 122.60715
3843 122.65604
3844 122.70495
3845 122.75387
3846 122.8028
3847 122.85174
3848 122.90069
3849 122.94966
3850 122.99864
3851 123.04763
3852 123.09664
3853 123.14566
3854 123.19469
3855 123.24373
3856 123.29278
3857 123.34185
3858 123.39093
3859 123.44002
3860 123.48912
3861 123.53824
3862 123.58737
3863 123.63651
3864 123.68566
3865 123.73483
3866 123.784
3867 123.8332
3868 123.8824
3869 123.93161
3870 123.98084
3871 124.03008
3872 124.07934
3873 124.1286
3874 124.17788
3875 124.22717
3876 124.27647
3877 124.32578
3878 124.37511
3879 124.42445
3880 124.4738
3881 124.52317
3882 124.57255
3883 124.62193
3884 124.67134
3885 124.72075
3886 124.77018
3887 124.81962
3888 124.86907
3889 124.91853
3890 124.96801
3891 125.0175
3892 125.067
3893 125.11651
3894 125.16604
3895 125.21558
3896 125.26513
3897 125.31469
3898 125.36427
3899 125.41386
3900 125.46346
3901 125.51307
3902 125.5627
3903 125.61234
3904 125.66199
3905 125.71165
3906 125.76133
3907 125.81102
3908 125.86072
3909 125.91043
3910 125.96016
3911 126.0099
3912 126.05965
3913 126.10941
3914 126.15918
3915 126.20897
3916 126.25877
3917 126.30859
3918 126.35841
3919 126.40825
3920 126.4581
3921 126.50797
3922 126.55784
3923 126.60773
3924 126.65763
3925 126.70755
3926 126.75747
3927 126.80741
3928 126.85736
3929 126.90733
3930 126.9573
3931 127.00729
3932 127.05729
3933 127.1073
3934 127.15733
3935 127.20737
3936 127.25742
3937 127.30749
3938 127.35756
3939 127.40765
3940 127.45775
3941 127.50787
3942 127.55799
3943 127.60813
3944 127.65828
3945 127.70845
3946 127.75863
3947 127.80881
3948 127.85902
3949 127.90923
3950 127.95946
3951 128.0097
3952 128.05995
3953 128.11022
3954 128.16049
3955 128.21078
3956 128.26109
3957 128.3114
3958 128.36173
3959 128.41207
3960 128.46242
3961 128.51279
3962 128.56316
3963 128.61355
3964 128.66396
3965 128.71437
3966 128.7648
3967 128.81524
3968 128.8657
3969 128.91616
3970 128.96664
3971 129.01713
3972 129.06764
3973 129.11815
3974 129.16868
3975 129.21922
3976 129.26978
3977 129.32035
3978 129.37093
3979 129.42152
3980 129.47212
3981 129.52274
3982 129.57337
3983 129.62401
3984 129.67467
3985 129.72534
3986 129.77602
3987 129.82671
3988 129.87742
3989 129.92814
3990 129.97887
3991 130.02961
3992 130.08037
3993 130.13114
3994 130.18192
3995 130.23271
3996 130.28352
3997 130.33434
3998 130.38517
3999 130.43602
4000 130.48687
4001 130.53775
4002 130.58863
4003 130.63952
4004 130.69043
4005 130.74135
4006 130.79229
4007 130.84323
4008 130.89419
4009 130.94516
4010 130.99615
4011 131.04715
4012 131.09815
4013 131.14918
4014 131.20021
4015 131.25126
4016 131.30232
4017 131.35339
4018 131.40448
4019 131.45558
4020 131.50669
4021 131.55781
4022 131.60895
4023 131.6601
4024 131.71126
4025 131.76244
4026 131.81362
4027 131.86482
4028 131.91604
4029 131.96726
4030 132.0185
4031 132.06975
4032 132.12101
4033 132.17229
4034 132.22358
4035 132.27488
4036 132.3262
4037 132.37752
4038 132.42886
4039 132.48022
4040 132.53158
4041 132.58296
4042 132.63435
4043 132.68576
4044 132.73717
4045 132.7886
4046 132.84004
4047 132.8915
4048 132.94296
4049 132.99445
4050 133.04594
4051 133.09744
4052 133.14896
4053 133.20049
4054 133.25204
4055 133.30359
4056 133.35516
4057 133.40675
4058 133.45834
4059 133.50995
4060 133.56157
4061 133.6132
4062 133.66485
4063 133.71651
4064 133.76818
4065 133.81986
4066 133.87156
4067 133.92327
4068 133.97499
4069 134.02673
4070 134.07847
4071 134.13024
4072 134.18201
4073 134.2338
4074 134.2856
4075 134.33741
4076 134.38923
4077 134.44107
4078 134.49292
4079 134.54478
4080 134.59666
4081 134.64855
4082 134.70045
4083 134.75237
4084 134.80429
4085 134.85623
4086 134.90819
4087 134.96015
4088 135.01213
4089 135.06412
4090 135.11613
4091 135.16815
4092 135.22017
4093 135.27222
4094 135.32427
4095 135.37634
4096 135.42842
4097 135.48052
4098 135.53262
4099 135.58474
4100 135.63688
4101 135.68902
4102 135.74118
4103 135.79335
4104 135.84554
4105 135.89773
4106 135.94994
4107 136.00216
4108 136.0544
4109 136.10665
4110 136.15891
4111 136.21118
4112 136.26347
4113 136.31577
4114 136.36808
4115 136.42041
4116 136.47275
4117 136.5251
4118 136.57746
4119 136.62984
4120 136.68223
4121 136.73463
4122 136.78705
4123 136.83947
4124 136.89192
4125 136.94437
4126 136.99684
4127 137.04932
4128 137.10181
4129 137.15431
4130 137.20683
4131 137.25937
4132 137.31191
4133 137.36447
4134 137.41704
4135 137.46962
4136 137.52222
4137 137.57483
4138 137.62745
4139 137.68008
4140 137.73273
4141 137.78539
4142 137.83806
4143 137.89075
4144 137.94345
4145 137.99616
4146 138.04889
4147 138.10163
4148 138.15438
4149 138.20714
4150 138.25992
4151 138.31271
4152 138.36551
4153 138.41833
4154 138.47116
4155 138.524
4156 138.57685
4157 138.62972
4158 138.6826
4159 138.73549
4160 138.7884
4161 138.84132
4162 138.89425
4163 138.94719
4164 139.00015
4165 139.05312
4166 139.10611
4167 139.15911
4168 139.21212
4169 139.26514
4170 139.31817
4171 139.37122
4172 139.42428
4173 139.47736
4174 139.53045
4175 139.58355
4176 139.63666
4177 139.68979
4178 139.74293
4179 139.79608
4180 139.84925
4181 139.90242
4182 139.95562
4183 140.00882
4184 140.06204
4185 140.11527
4186 140.16851
4187 140.22177
4188 140.27504
4189 140.32832
4190 140.38162
4191 140.43493
4192 140.48825
4193 140.54158
4194 140.59493
4195 140.64829
4196 140.70166
4197 140.75505
4198 140.80845
4199 140.86186
4200 140.91529
4201 140.96873
4202 141.02218
4203 141.07564
4204 141.12912
4205 141.18261
4206 141.23612
4207 141.28963
4208 141.34316
4209 141.39671
4210 141.45026
4211 141.50383
4212 141.55741
4213 141.61101
4214 141.66462
4215 141.71824
4216 141.77187
4217 141.82552
4218 141.87918
4219 141.93285
4220 141.98654
4221 142.04024
4222 142.09395
4223 142.14768
4224 142.20142
4225 142.25517
4226 142.30893
4227 142.36271
4228 142.4165
4229 142.4703
4230 142.52412
4231 142.57795
4232 142.6318
4233 142.68565
4234 142.73952
4235 142.7934
4236 142.8473
4237 142.90121
4238 142.95513
4239 143.00906
4240 143.06301
4241 143.11697
4242 143.17095
4243 143.22493
4244 143.27894
4245 143.33295
4246 143.38698
4247 143.44101
4248 143.49507
4249 143.54913
4250 143.60321
4251 143.65731
4252 143.71141
4253 143.76553
4254 143.81966
4255 143.8738
4256 143.92796
4257 143.98213
4258 144.03632
4259 144.09051
4260 144.14472
4261 144.19895
4262 144.25318
4263 144.30743
4264 144.3617
4265 144.41597
4266 144.47026
4267 144.52456
4268 144.57888
4269 144.63321
4270 144.68755
4271 144.7419
4272 144.79627
4273 144.85065
4274 144.90505
4275 144.95945
4276 145.01387
4277 145.06831
4278 145.12275
4279 145.17721
4280 145.23169
4281 145.28617
4282 145.34067
4283 145.39518
4284 145.44971
4285 145.50425
4286 145.5588
4287 145.61337
4288 145.66795
4289 145.72254
4290 145.77714
4291 145.83176
4292 145.88639
4293 145.94103
4294 145.99569
4295 146.05036
4296 146.10505
4297 146.15974
4298 146.21445
4299 146.26918
4300 146.32391
4301 146.37866
4302 146.43343
4303 146.4882
4304 146.54299
4305 146.5978
4306 146.65261
4307 146.70744
4308 146.76228
4309 146.81714
4310 146.87201
4311 146.92689
4312 146.98179
4313 147.03669
4314 147.09161
4315 147.14655
4316 147.2015
4317 147.25646
4318 147.31143
4319 147.36642
4320 147.42142
4321 147.47644
4322 147.53146
4323 147.5865
4324 147.64156
4325 147.69663
4326 147.75171
4327 147.8068
4328 147.86191
4329 147.91703
4330 147.97216
4331 148.02731
4332 148.08247
4333 148.13764
4334 148.19283
4335 148.24803
4336 148.30324
4337 148.35846
4338 148.4137
4339 148.46896
4340 148.52422
4341 148.5795
4342 148.6348
4343 148.6901
4344 148.74542
4345 148.80075
4346 148.8561
4347 148.91146
4348 148.96683
4349 149.02221
4350 149.07761
4351 149.13303
4352 149.18845
4353 149.24389
4354 149.29934
4355 149.35481
4356 149.41029
4357 149.46578
4358 149.52128
4359 149.5768
4360 149.63233
4361 149.68788
4362 149.74344
4363 149.79901
4364 149.85459
4365 149.91019
4366 149.9658
4367 150.02143
4368 150.07707
4369 150.13272
4370 150.18838
4371 150.24406
4372 150.29975
4373 150.35546
4374 150.41118
4375 150.46691
4376 150.52265
4377 150.57841
4378 150.63418
4379 150.68997
4380 150.74577
4381 150.80158
4382 150.8574
4383 150.91324
4384 150.96909
4385 151.02496
4386 151.08083
4387 151.13673
4388 151.19263
4389 151.24855
4390 151.30448
4391 151.36043
4392 151.41638
4393 151.47236
4394 151.52834
4395 151.58434
4396 151.64035
4397 151.69638
4398 151.75242
4399 151.80847
4400 151.86453
4401 151.92061
4402 151.9767
4403 152.03281
4404 152.08893
4405 152.14506
4406 152.2012
4407 152.25736
4408 152.31354
4409 152.36972
4410 152.42592
4411 152.48213
4412 152.53836
4413 152.5946
4414 152.65085
4415 152.70712
4416 152.7634
4417 152.81969
4418 152.876
4419 152.93232
4420 152.98865
4421 153.045
4422 153.10136
4423 153.15773
4424 153.21412
4425 153.27052
4426 153.32693
4427 153.38336
4428 153.4398
4429 153.49625
4430 153.55272
4431 153.6092
4432 153.66569
4433 153.7222
4434 153.77872
4435 153.83526
4436 153.89181
4437 153.94837
4438 154.00494
4439 154.06153
4440 154.11813
4441 154.17475
4442 154.23137
4443 154.28802
4444 154.34467
4445 154.40134
4446 154.45802
4447 154.51472
4448 154.57143
4449 154.62815
4450 154.68489
4451 154.74164
4452 154.7984
4453 154.85518
4454 154.91197
4455 154.96877
4456 155.02559
4457 155.08242
4458 155.13926
4459 155.19612
4460 155.25299
4461 155.30987
4462 155.36677
4463 155.42368
4464 155.48061
4465 155.53755
4466 155.5945
4467 155.65146
4468 155.70844
4469 155.76543
4470 155.82244
4471 155.87946
4472 155.93649
4473 155.99354
4474 156.0506
4475 156.10767
4476 156.16476
4477 156.22186
4478 156.27897
4479 156.3361
4480 156.39324
4481 156.45039
4482 156.50756
4483 156.56474
4484 156.62194
4485 156.67915
4486 156.73637
4487 156.7936
4488 156.85085
4489 156.90812
4490 156.96539
4491 157.02268
4492 157.07998
4493 157.1373
4494 157.19463
4495 157.25197
4496 157.30933
4497 157.3667
4498 157.42409
4499 157.48148
4500 157.53889
4501 157.59632
4502 157.65376
4503 157.71121
4504 157.76868
4505 157.82615
4506 157.88365
4507 157.94115
4508 157.99867
4509 158.05621
4510 158.11375
4511 158.17131
4512 158.22889
4513 158.28648
4514 158.34408
4515 158.40169
4516 158.45932
4517 158.51696
4518 158.57462
4519 158.63229
4520 158.68997
4521 158.74767
4522 158.80537
4523 158.8631
4524 158.92084
4525 158.97859
4526 159.03635
4527 159.09413
4528 159.15192
4529 159.20972
4530 159.26754
4531 159.32537
4532 159.38322
4533 159.44108
4534 159.49895
4535 159.55684
4536 159.61474
4537 159.67265
4538 159.73058
4539 159.78852
4540 159.84648
4541 159.90444
4542 159.96243
4543 160.02042
4544 160.07843
4545 160.13645
4546 160.19449
4547 160.25254
4548 160.3106
4549 160.36868
4550 160.42677
4551 160.48487
4552 160.54299
4553 160.60112
4554 160.65927
4555 160.71743
4556 160.7756
4557 160.83379
4558 160.89199
4559 160.9502
4560 161.00843
4561 161.06667
4562 161.12492
4563 161.18319
4564 161.24147
4565 161.29977
4566 161.35808
4567 161.4164
4568 161.47474
4569 161.53309
4570 161.59145
4571 161.64983
4572 161.70822
4573 161.76663
4574 161.82504
4575 161.88348
4576 161.94192
4577 162.00038
4578 162.05885
4579 162.11734
4580 162.17584
4581 162.23435
4582 162.29288
4583 162.35143
4584 162.40998
4585 162.46855
4586 162.52713
4587 162.58573
4588 162.64434
4589 162.70296
4590 162.7616
4591 162.82025
4592 162.87892
4593 162.93759
4594 162.99629
4595 163.05499
4596 163.11371
4597 163.17245
4598 163.23119
4599 163.28995
4600 163.34873
4601 163.40751
4602 163.46632
4603 163.52513
4604 163.58396
4605 163.64281
4606 163.70166
4607 163.76053
4608 163.81942
4609 163.87831
4610 163.93723
4611 163.99615
4612 164.05509
4613 164.11404
4614 164.17301
4615 164.23199
4616 164.29099
4617 164.34999
4618 164.40902
4619 164.46805
4620 164.5271
4621 164.58616
4622 164.64524
4623 164.70433
4624 164.76343
4625 164.82255
4626 164.88168
4627 164.94083
4628 164.99999
4629 165.05916
4630 165.11835
4631 165.17755
4632 165.23676
4633 165.29599
4634 165.35523
4635 165.41449
4636 165.47376
4637 165.53304
4638 165.59234
4639 165.65165
4640 165.71097
4641 165.77031
4642 165.82966
4643 165.88903
4644 165.94841
4645 166.0078
4646 166.06721
4647 166.12663
4648 166.18606
4649 166.24551
4650 166.30498
4651 166.36445
4652 166.42394
4653 166.48344
4654 166.54296
4655 166.60249
4656 166.66204
4657 166.7216
4658 166.78117
4659 166.84076
4660 166.90036
4661 166.95997
4662 167.0196
4663 167.07924
4664 167.1389
4665 167.19857
4666 167.25825
4667 167.31795
4668 167.37766
4669 167.43738
4670 167.49712
4671 167.55688
4672 167.61664
4673 167.67642
4674 167.73622
4675 167.79602
4676 167.85585
4677 167.91568
4678 167.97553
4679 168.03539
4680 168.09527
4681 168.15516
4682 168.21507
4683 168.27499
4684 168.33492
4685 168.39486
4686 168.45482
4687 168.5148
4688 168.57479
4689 168.63479
4690 168.6948
4691 168.75483
4692 168.81488
4693 168.87493
4694 168.93501
4695 168.99509
4696 169.05519
4697 169.1153
4698 169.17543
4699 169.23557
4700 169.29572
4701 169.35589
4702 169.41607
4703 169.47627
4704 169.53648
4705 169.5967
4706 169.65694
4707 169.71719
4708 169.77746
4709 169.83774
4710 169.89803
4711 169.95834
4712 170.01866
4713 170.07899
4714 170.13934
4715 170.19971
4716 170.26008
4717 170.32047
4718 170.38088
4719 170.4413
4720 170.50173
4721 170.56218
4722 170.62264
4723 170.68311
4724 170.7436
4725 170.8041
4726 170.86462
4727 170.92515
4728 170.98569
4729 171.04625
4730 171.10682
4731 171.16741
4732 171.228
4733 171.28862
4734 171.34924
4735 171.40989
4736 171.47054
4737 171.53121
4738 171.59189
4739 171.65259
4740 171.7133
4741 171.77403
4742 171.83477
4743 171.89552
4744 171.95629
4745 172.01707
4746 172.07786
4747 172.13867
4748 172.19949
4749 172.26033
4750 172.32118
4751 172.38204
4752 172.44292
4753 172.50382
4754 172.56472
4755 172.62564
4756 172.68658
4757 172.74752
4758 172.80849
4759 172.86946
4760 172.93045
4761 172.99146
4762 173.05248
4763 173.11351
4764 173.17455
4765 173.23561
4766 173.29669
4767 173.35778
4768 173.41888
4769 173.48
4770 173.54113
4771 173.60227
4772 173.66343
4773 173.7246
4774 173.78579
4775 173.84699
4776 173.9082
4777 173.96943
4778 174.03067
4779 174.09193
4780 174.1532
4781 174.21448
4782 174.27578
4783 174.33709
4784 174.39842
4785 174.45976
4786 174.52111
4787 174.58248
4788 174.64386
4789 174.70526
4790 174.76667
4791 174.8281
4792 174.88953
4793 174.95099
4794 175.01245
4795 175.07393
4796 175.13543
4797 175.19694
4798 175.25846
4799 175.32
4800 175.38155
4801 175.44311
4802 175.50469
4803 175.56628
4804 175.62789
4805 175.68951
4806 175.75115
4807 175.8128
4808 175.87446
4809 175.93614
4810 175.99783
4811 176.05953
4812 176.12125
4813 176.18299
4814 176.24473
4815 176.3065
4816 176.36827
4817 176.43006
4818 176.49186
4819 176.55368
4820 176.61551
4821 176.67736
4822 176.73922
4823 176.8011
4824 176.86298
4825 176.92489
4826 176.9868
4827 177.04873
4828 177.11068
4829 177.17264
4830 177.23461
4831 177.2966
4832 177.3586
4833 177.42061
4834 177.48264
4835 177.54468
4836 177.60674
4837 177.66881
4838 177.7309
4839 177.793
4840 177.85511
4841 177.91724
4842 177.97938
4843 178.04154
4844 178.10371
4845 178.16589
4846 178.22809
4847 178.29031
4848 178.35253
4849 178.41477
4850 178.47703
4851 178.5393
4852 178.60158
4853 178.66388
4854 178.72619
4855 178.78851
4856 178.85085
4857 178.91321
4858 178.97558
4859 179.03796
4860 179.10036
4861 179.16277
4862 179.22519
4863 179.28763
4864 179.35008
4865 179.41255
4866 179.47503
4867 179.53753
4868 179.60004
4869 179.66256
4870 179.7251
4871 179.78765
4872 179.85021
4873 179.9128
4874 179.97539
4875 180.038
4876 180.10062
4877 180.16326
4878 180.22591
4879 180.28858
4880 180.35126
4881 180.41395
4882 180.47666
4883 180.53938
4884 180.60211
4885 180.66486
4886 180.72763
4887 180.79041
4888 180.8532
4889 180.91601
4890 180.97883
4891 181.04166
4892 181.10451
4893 181.16738
4894 181.23026
4895 181.29315
4896 181.35605
4897 181.41897
4898 181.48191
4899 181.54486
4900 181.60782
4901 181.6708
4902 181.73379
4903 181.7968
4904 181.85982
4905 181.92285
4906 181.9859
4907 182.04896
4908 182.11204
4909 182.17513
4910 182.23824
4911 182.30136
4912 182.36449
4913 182.42764
4914 182.4908
4915 182.55398
4916 182.61717
4917 182.68037
4918 182.74359
4919 182.80682
4920 182.87007
4921 182.93333
4922 182.99661
4923 183.0599
4924 183.12321
4925 183.18652
4926 183.24986
4927 183.3132
4928 183.37656
4929 183.43994
4930 183.50333
4931 183.56673
4932 183.63015
4933 183.69359
4934 183.75703
4935 183.82049
4936 183.88397
4937 183.94746
4938 184.01096
4939 184.07448
4940 184.13801
4941 184.20156
4942 184.26512
4943 184.3287
4944 184.39229
4945 184.45589
4946 184.51951
4947 184.58314
4948 184.64679
4949 184.71045
4950 184.77413
4951 184.83782
4952 184.90152
4953 184.96524
4954 185.02897
4955 185.09272
4956 185.15648
4957 185.22025
4958 185.28404
4959 185.34785
4960 185.41166
4961 185.4755
4962 185.53934
4963 185.60321
4964 185.66708
4965 185.73097
4966 185.79487
4967 185.85879
4968 185.92273
4969 185.98667
4970 186.05063
4971 186.11461
4972 186.1786
4973 186.2426
4974 186.30662
4975 186.37065
4976 186.4347
4977 186.49876
4978 186.56284
4979 186.62693
4980 186.69103
4981 186.75515
4982 186.81929
4983 186.88343
4984 186.9476
4985 187.01177
4986 187.07596
4987 187.14017
4988 187.20439
4989 187.26862
4990 187.33287
4991 187.39713
4992 187.46141
4993 187.5257
4994 187.59
4995 187.65432
4996 187.71866
4997 187.783
4998 187.84737
4999 187.91174
5000 187.97613
5001 188.04054
5002 188.10496
5003 188.16939
5004 188.23384
5005 188.29831
5006 188.36278
5007 188.42728
5008 188.49178
5009 188.5563
5010 188.62084
5011 188.68539
5012 188.74995
5013 188.81453
5014 188.87912
5015 188.94373
5016 189.00835
5017 189.07298
5018 189.13763
5019 189.2023
5020 189.26698
5021 189.33167
5022 189.39638
5023 189.4611
5024 189.52584
5025 189.59059
5026 189.65535
5027 189.72013
5028 189.78493
5029 189.84973
5030 189.91456
5031 189.97939
5032 190.04424
5033 190.10911
5034 190.17399
5035 190.23889
5036 190.3038
5037 190.36872
5038 190.43366
5039 190.49861
5040 190.56358
5041 190.62856
5042 190.69355
5043 190.75856
5044 190.82359
5045 190.88863
5046 190.95368
5047 191.01875
5048 191.08383
5049 191.14893
5050 191.21404
5051 191.27916
5052 191.3443
5053 191.40946
5054 191.47463
5055 191.53981
5056 191.60501
5057 191.67022
5058 191.73545
5059 191.80069
5060 191.86594
5061 191.93121
5062 191.9965
5063 192.06179
5064 192.12711
5065 192.19244
5066 192.25778
5067 192.32314
5068 192.38851
5069 192.45389
5070 192.51929
5071 192.58471
5072 192.65014
5073 192.71558
5074 192.78104
5075 192.84651
5076 192.912
5077 192.9775
5078 193.04301
5079 193.10854
5080 193.17409
5081 193.23965
5082 193.30522
5083 193.37081
5084 193.43641
5085 193.50203
5086 193.56766
5087 193.63331
5088 193.69897
5089 193.76464
5090 193.83033
5091 193.89604
5092 193.96175
5093 194.02749
5094 194.09323
5095 194.159
5096 194.22477
5097 194.29056
5098 194.35637
5099 194.42219
5100 194.48802
5101 194.55387
5102 194.61974
5103 194.68562
5104 194.75151
5105 194.81742
5106 194.88334
5107 194.94927
5108 195.01522
5109 195.08119
5110 195.14717
5111 195.21316
5112 195.27917
5113 195.34519
5114 195.41123
5115 195.47728
5116 195.54335
5117 195.60943
5118 195.67553
5119 195.74164
5120 195.80776
5121 195.8739
5122 195.94006
5123 196.00623
5124 196.07241
5125 196.13861
5126 196.20482
5127 196.27105
5128 196.33729
5129 196.40354
5130 196.46981
5131 196.5361
5132 196.6024
5133 196.66871
5134 196.73504
5135 196.80138
5136 196.86774
5137 196.93411
5138 197.0005
5139 197.0669
5140 197.13332
5141 197.19975
5142 197.26619
5143 197.33265
5144 197.39913
5145 197.46562
5146 197.53212
5147 197.59864
5148 197.66517
5149 197.73172
5150 197.79828
5151 197.86486
5152 197.93145
5153 197.99805
5154 198.06467
5155 198.13131
5156 198.19796
5157 198.26462
5158 198.3313
5159 198.39799
5160 198.4647
5161 198.53142
5162 198.59816
5163 198.66491
5164 198.73167
5165 198.79846
5166 198.86525
5167 198.93206
5168 198.99889
5169 199.06572
5170 199.13258
5171 199.19945
5172 199.26633
5173 199.33323
5174 199.40014
5175 199.46706
5176 199.53401
5177 199.60096
5178 199.66793
5179 199.73492
5180 199.80192
5181 199.86893
5182 199.93596
5183 200.003
5184 200.07006
5185 200.13714
5186 200.20422
5187 200.27132
5188 200.33844
5189 200.40557
5190 200.47272
5191 200.53988
5192 200.60706
5193 200.67425
5194 200.74145
5195 200.80867
5196 200.8759
5197 200.94315
5198 201.01041
5199 201.07769
5200 201.14498
5201 201.21229
5202 201.27961
5203 201.34695
5204 201.4143
5205 201.48167
5206 201.54905
5207 201.61644
5208 201.68385
5209 201.75128
5210 201.81872
5211 201.88617
5212 201.95364
5213 202.02112
5214 202.08862
5215 202.15613
5216 202.22366
5217 202.2912
5218 202.35876
5219 202.42633
5220 202.49391
5221 202.56151
5222 202.62913
5223 202.69676
5224 202.7644
5225 202.83206
5226 202.89974
5227 202.96742
5228 203.03513
5229 203.10285
5230 203.17058
5231 203.23833
5232 203.30609
5233 203.37386
5234 203.44166
5235 203.50946
5236 203.57728
5237 203.64512
5238 203.71297
5239 203.78083
5240 203.84871
5241 203.91661
5242 203.98452
5243 204.05244
5244 204.12038
5245 204.18833
5246 204.2563
5247 204.32428
5248 204.39228
5249 204.46029
5250 204.52832
5251 204.59636
5252 204.66442
5253 204.73249
5254 204.80057
5255 204.86867
5256 204.93679
5257 205.00492
5258 205.07306
5259 205.14122
5260 205.2094
5261 205.27759
5262 205.34579
5263 205.41401
5264 205.48224
5265 205.55049
5266 205.61875
5267 205.68703
5268 205.75532
5269 205.82363
5270 205.89195
5271 205.96028
5272 206.02864
5273 206.097
5274 206.16538
5275 206.23378
5276 206.30219
5277 206.37061
5278 206.43905
5279 206.50751
5280 206.57597
5281 206.64446
5282 206.71296
5283 206.78147
5284 206.85
5285 206.91854
5286 206.9871
5287 207.05567
5288 207.12426
5289 207.19286
5290 207.26148
5291 207.33011
5292 207.39876
5293 207.46742
5294 207.53609
5295 207.60478
5296 207.67349
5297 207.74221
5298 207.81094
5299 207.87969
5300 207.94846
5301 208.01724
5302 208.08603
5303 208.15484
5304 208.22366
5305 208.2925
5306 208.36136
5307 208.43022
5308 208.49911
5309 208.568
5310 208.63692
5311 208.70585
5312 208.77479
5313 208.84374
5314 208.91272
5315 208.9817
5316 209.0507
5317 209.11972
5318 209.18875
5319 209.2578
5320 209.32686
5321 209.39593
5322 209.46502
5323 209.53413
5324 209.60325
5325 209.67238
5326 209.74153
5327 209.8107
5328 209.87988
5329 209.94907
5330 210.01828
5331 210.0875
5332 210.15674
5333 210.22599
5334 210.29526
5335 210.36455
5336 210.43384
5337 210.50316
5338 210.57248
5339 210.64183
5340 210.71118
5341 210.78055
5342 210.84994
5343 210.91934
5344 210.98876
5345 211.05819
5346 211.12764
5347 211.1971
5348 211.26658
5349 211.33607
5350 211.40557
5351 211.47509
5352 211.54463
5353 211.61418
5354 211.68374
5355 211.75332
5356 211.82292
5357 211.89253
5358 211.96215
5359 212.03179
5360 212.10145
5361 212.17112
5362 212.2408
5363 212.3105
5364 212.38021
5365 212.44994
5366 212.51969
5367 212.58944
5368 212.65922
5369 212.72901
5370 212.79881
5371 212.86863
5372 212.93846
5373 213.00831
5374 213.07817
5375 213.14805
5376 213.21794
5377 213.28785
5378 213.35777
5379 213.42771
5380 213.49766
5381 213.56762
5382 213.63761
5383 213.7076
5384 213.77762
5385 213.84764
5386 213.91768
5387 213.98774
5388 214.05781
5389 214.1279
5390 214.198
5391 214.26811
5392 214.33825
5393 214.40839
5394 214.47855
5395 214.54873
5396 214.61892
5397 214.68912
5398 214.75934
5399 214.82958
5400 214.89983
5401 214.97009
5402 215.04037
5403 215.11067
5404 215.18098
5405 215.2513
5406 215.32164
5407 215.392
5408 215.46237
5409 215.53275
5410 215.60315
5411 215.67357
5412 215.744
5413 215.81444
5414 215.8849
5415 215.95537
5416 216.02586
5417 216.09637
5418 216.16689
5419 216.23742
5420 216.30797
5421 216.37853
5422 216.44911
5423 216.5197
5424 216.59031
5425 216.66094
5426 216.73158
5427 216.80223
5428 216.8729
5429 216.94358
5430 217.01428
5431 217.08499
5432 217.15572
5433 217.22646
5434 217.29722
5435 217.368
5436 217.43878
5437 217.50959
5438 217.58041
5439 217.65124
5440 217.72209
5441 217.79295
5442 217.86383
5443 217.93472
5444 218.00563
5445 218.07655
5446 218.14749
5447 218.21844
5448 218.28941
5449 218.3604
5450 218.43139
5451 218.50241
5452 218.57343
5453 218.64448
5454 218.71553
5455 218.78661
5456 218.8577
5457 218.9288
5458 218.99991
5459 219.07105
5460 219.1422
5461 219.21336
5462 219.28454
5463 219.35573
5464 219.42694
5465 219.49816
5466 219.5694
5467 219.64065
5468 219.71192
5469 219.7832
5470 219.8545
5471 219.92581
5472 219.99714
5473 220.06848
5474 220.13984
5475 220.21121
5476 220.2826
5477 220.35401
5478 220.42542
5479 220.49686
5480 220.5683
5481 220.63977
5482 220.71125
5483 220.78274
5484 220.85425
5485 220.92577
5486 220.99731
5487 221.06886
5488 221.14043
5489 221.21201
5490 221.28361
5491 221.35522
5492 221.42685
5493 221.4985
5494 221.57015
5495 221.64183
5496 221.71352
5497 221.78522
5498 221.85694
5499 221.92867
5500 222.00042
5501 222.07219
5502 222.14397
5503 222.21576
5504 222.28757
5505 222.35939
5506 222.43123
5507 222.50308
5508 222.57495
5509 222.64684
5510 222.71874
5511 222.79065
5512 222.86258
5513 222.93453
5514 223.00649
5515 223.07846
5516 223.15045
5517 223.22245
5518 223.29448
5519 223.36651
5520 223.43856
5521 223.51063
5522 223.58271
5523 223.6548
5524 223.72691
5525 223.79904
5526 223.87118
5527 223.94333
5528 224.0155
5529 224.08769
5530 224.15989
5531 224.2321
5532 224.30434
5533 224.37658
5534 224.44884
5535 224.52112
5536 224.59341
5537 224.66572
5538 224.73804
5539 224.81037
5540 224.88273
5541 224.95509
5542 225.02748
5543 225.09987
5544 225.17228
5545 225.24471
5546 225.31715
5547 225.38961
5548 225.46208
5549 225.53457
5550 225.60707
5551 225.67959
5552 225.75213
5553 225.82467
5554 225.89724
5555 225.96982
5556 226.04241
5557 226.11502
5558 226.18764
5559 226.26028
5560 226.33293
5561 226.4056
5562 226.47829
5563 226.55098
5564 226.6237
5565 226.69643
5566 226.76917
5567 226.84193
5568 226.91471
5569 226.9875
5570 227.0603
5571 227.13312
5572 227.20596
5573 227.27881
5574 227.35168
5575 227.42456
5576 227.49745
5577 227.57036
5578 227.64329
5579 227.71623
5580 227.78919
5581 227.86216
5582 227.93515
5583 228.00815
5584 228.08116
5585 228.1542
5586 228.22725
5587 228.30031
5588 228.37339
5589 228.44648
5590 228.51959
5591 228.59271
5592 228.66585
5593 228.739
5594 228.81217
5595 228.88535
5596 228.95855
5597 229.03177
5598 229.105
5599 229.17824
5600 229.2515
5601 229.32477
5602 229.39807
5603 229.47137
5604 229.54469
5605 229.61803
5606 229.69138
5607 229.76474
5608 229.83812
5609 229.91152
5610 229.98493
5611 230.05836
5612 230.1318
5613 230.20526
5614 230.27873
5615 230.35222
5616 230.42572
5617 230.49924
5618 230.57277
5619 230.64632
5620 230.71988
5621 230.79346
5622 230.86705
5623 230.94066
5624 231.01429
5625 231.08792
5626 231.16158
5627 231.23525
5628 231.30893
5629 231.38263
5630 231.45635
5631 231.53008
5632 231.60382
5633 231.67758
5634 231.75136
5635 231.82515
5636 231.89896
5637 231.97278
5638 232.04662
5639 232.12047
5640 232.19434
5641 232.26822
5642 232.34212
5643 232.41603
5644 232.48996
5645 232.5639
5646 232.63786
5647 232.71183
5648 232.78582
5649 232.85983
5650 232.93385
5651 233.00788
5652 233.08193
5653 233.156
5654 233.23008
5655 233.30417
5656 233.37828
5657 233.45241
5658 233.52655
5659 233.60071
5660 233.67488
5661 233.74907
5662 233.82327
5663 233.89749
5664 233.97172
5665 234.04597
5666 234.12023
5667 234.19451
5668 234.2688
5669 234.34311
5670 234.41744
5671 234.49177
5672 234.56613
5673 234.6405
5674 234.71488
5675 234.78929
5676 234.8637
5677 234.93813
5678 235.01258
5679 235.08704
5680 235.16152
5681 235.23601
5682 235.31052
5683 235.38504
5684 235.45958
5685 235.53413
5686 235.6087
5687 235.68328
5688 235.75788
5689 235.83249
5690 235.90712
5691 235.98177
5692 236.05643
5693 236.1311
5694 236.20579
5695 236.2805
5696 236.35522
5697 236.42996
5698 236.50471
5699 236.57947
5700 236.65426
5701 236.72905
5702 236.80387
5703 236.87869
5704 236.95354
5705 237.0284
5706 237.10327
5707 237.17816
5708 237.25306
5709 237.32798
5710 237.40292
5711 237.47787
5712 237.55283
5713 237.62781
5714 237.70281
5715 237.77782
5716 237.85285
5717 237.92789
5718 238.00295
5719 238.07802
5720 238.15311
5721 238.22821
5722 238.30333
5723 238.37847
5724 238.45361
5725 238.52878
5726 238.60396
5727 238.67915
5728 238.75436
5729 238.82959
5730 238.90483
5731 238.98009
5732 239.05536
5733 239.13064
5734 239.20595
5735 239.28126
5736 239.3566
5737 239.43195
5738 239.50731
5739 239.58269
5740 239.65808
5741 239.73349
5742 239.80892
5743 239.88436
5744 239.95981
5745 240.03528
5746 240.11077
5747 240.18627
5748 240.26179
5749 240.33732
5750 240.41287
5751 240.48843
5752 240.56401
5753 240.6396
5754 240.71521
5755 240.79083
5756 240.86648
5757 240.94213
5758 241.0178
5759 241.09348
5760 241.16919
5761 241.2449
5762 241.32063
5763 241.39638
5764 241.47214
5765 241.54792
5766 241.62371
5767 241.69952
5768 241.77534
5769 241.85118
5770 241.92704
5771 242.00291
5772 242.07879
5773 242.15469
5774 242.23061
5775 242.30654
5776 242.38249
5777 242.45845
5778 242.53443
5779 242.61042
5780 242.68643
5781 242.76245
5782 242.83849
5783 242.91454
5784 242.99061
5785 243.0667
5786 243.1428
5787 243.21891
5788 243.29504
5789 243.37119
5790 243.44735
5791 243.52353
5792 243.59972
5793 243.67593
5794 243.75215
5795 243.82839
5796 243.90464
5797 243.98091
5798 244.0572
5799 244.1335
5800 244.20981
5801 244.28615
5802 244.36249
5803 244.43885
5804 244.51523
5805 244.59162
5806 244.66803
5807 244.74445
5808 244.82089
5809 244.89735
5810 244.97382
5811 245.0503
5812 245.1268
5813 245.20332
5814 245.27985
5815 245.35639
5816 245.43295
5817 245.50953
5818 245.58612
5819 245.66273
5820 245.73936
5821 245.81599
5822 245.89265
5823 245.96932
5824 246.046
5825 246.1227
5826 246.19942
5827 246.27615
5828 246.3529
5829 246.42966
5830 246.50644
5831 246.58323
5832 246.66004
5833 246.73686
5834 246.8137
5835 246.89056
5836 246.96742
5837 247.04431
5838 247.12121
5839 247.19813
5840 247.27506
5841 247.35201
5842 247.42897
5843 247.50595
5844 247.58294
5845 247.65995
5846 247.73697
5847 247.81401
5848 247.89107
5849 247.96814
5850 248.04522
5851 248.12233
5852 248.19944
5853 248.27658
5854 248.35372
5855 248.43089
5856 248.50806
5857 248.58526
5858 248.66247
5859 248.73969
5860 248.81693
5861 248.89419
5862 248.97146
5863 249.04875
5864 249.12605
5865 249.20337
5866 249.2807
5867 249.35805
5868 249.43541
5869 249.51279
5870 249.59019
5871 249.6676
5872 249.74502
5873 249.82246
5874 249.89992
5875 249.97739
5876 250.05488
5877 250.13238
5878 250.2099
5879 250.28744
5880 250.36498
5881 250.44255
5882 250.52013
5883 250.59773
5884 250.67534
5885 250.75296
5886 250.83061
5887 250.90827
5888 250.98594
5889 251.06363
5890 251.14133
5891 251.21905
5892 251.29678
5893 251.37454
5894 251.4523
5895 251.53008
5896 251.60788
5897 251.68569
5898 251.76352
5899 251.84136
5900 251.91922
5901 251.9971
5902 252.07499
5903 252.15289
5904 252.23081
5905 252.30875
5906 252.3867
5907 252.46467
5908 252.54265
5909 252.62065
5910 252.69866
5911 252.77669
5912 252.85474
5913 252.9328
5914 253.01087
5915 253.08897
5916 253.16707
5917 253.24519
5918 253.32333
5919 253.40149
5920 253.47965
5921 253.55784
5922 253.63604
5923 253.71425
5924 253.79248
5925 253.87073
5926 253.94899
5927 254.02727
5928 254.10556
5929 254.18387
5930 254.26219
5931 254.34053
5932 254.41889
5933 254.49726
5934 254.57564
5935 254.65405
5936 254.73246
5937 254.81089
5938 254.88934
5939 254.96781
5940 255.04629
5941 255.12478
5942 255.20329
5943 255.28181
5944 255.36036
5945 255.43891
5946 255.51748
5947 255.59607
5948 255.67468
5949 255.75329
5950 255.83193
5951 255.91058
5952 255.98924
5953 256.06792
5954 256.14662
5955 256.22533
5956 256.30406
5957 256.3828
5958 256.46156
5959 256.54034
5960 256.61912
5961 256.69793
5962 256.77675
5963 256.85559
5964 256.93444
5965 257.01331
5966 257.09219
5967 257.17109
5968 257.25
5969 257.32893
5970 257.40787
5971 257.48683
5972 257.56581
5973 257.6448
5974 257.72381
5975 257.80283
5976 257.88187
5977 257.96092
5978 258.03999
5979 258.11908
5980 258.19818
5981 258.27729
5982 258.35643
5983 258.43557
5984 258.51474
5985 258.59391
5986 258.67311
5987 258.75232
5988 258.83154
5989 258.91078
5990 258.99004
5991 259.06931
5992 259.1486
5993 259.2279
5994 259.30722
5995 259.38655
5996 259.4659
5997 259.54527
5998 259.62465
5999 259.70404
6000 259.78346
