# Nb v_max J_max                       #
  108  9 19                            #
# Lev VU JU E(CM-1)  iDvie(s-1) p_dis  #
   1  0  0 110478.52 3.816E+08 1.847E-07
   2  0  1 110529.44 3.809E+08 1.833E-04
   3  0  2 110630.92 3.790E+08 8.662E-08
   4  0  3 110782.27 3.762E+08 2.166E-08
   5  0  4 110982.46 3.725E+08 5.399E-08
   6  0  5 111230.11 3.679E+08 3.313E-08
   7  0  6 111523.52 3.624E+08 3.066E-08
   8  0  7 111860.68 3.560E+08 1.125E-07
   9  0  8 112239.28 3.486E+08 2.138E-08
  10  1  0 112358.67 3.244E+08 8.024E-08
  11  1  1 112404.59 3.236E+08 7.132E-07
  12  1  2 112496.40 3.217E+08 2.312E-06
  13  1  3 112633.98 3.188E+08 7.548E-07
  14  0  9 112656.74 3.404E+08 6.390E-05
  15  1  4 112816.85 3.151E+08 9.007E-05
  16  1  5 113044.04 3.103E+08 1.904E-06
  17  0 10 113110.29 3.311E+08 6.391E-07
  18  1  6 113314.03 5.503E+08 2.482E-02
  19  0 11 113596.96 3.209E+08 4.568E-08
  20  1  7 113625.17 2.981E+08 2.095E-05
  21  1  8 113974.93 2.905E+08 2.702E-06
  22  2  0 114075.07 2.665E+08 2.216E-07
  23  0 12 114113.61 3.098E+08 4.609E-08
  24  2  1 114118.24 2.658E+08 6.892E-07
  25  2  2 114204.32 2.642E+08 1.993E-07
  26  2  3 114332.87 2.617E+08 8.302E-07
  27  1  9 114360.78 2.820E+08 1.045E-06
  28  2  4 114503.19 2.585E+08 6.294E-07
  29  0 13 114657.02 2.976E+08 2.267E-07
  30  2  5 114714.19 2.544E+08 3.236E-07
  31  1 10 114779.85 2.725E+08 3.857E-07
  32  2  6 114964.49 2.496E+08 8.041E-07
  33  0 14 115223.87 2.844E+08 1.771E-07
  34  1 11 115229.04 2.620E+08 5.981E-07
  35  2  7 115252.41 2.443E+08 3.816E-07
  36  2  8 115576.18 2.387E+08 3.009E-06
  37  3  0 115606.65 2.097E+08 3.014E-06
  38  3  1 115647.20 2.094E+08 4.515E-06
  39  1 12 115705.07 2.504E+08 5.004E-07
  40  3  2 115728.10 2.090E+08 8.866E-07
  41  0 15 115810.77 2.702E+08 2.125E-07
  42  3  3 115849.31 2.090E+08 1.178E-06
  43  2  9 115934.33 2.340E+08 5.769E-07
  44  3  4 116011.11 2.107E+08 2.102E-06
  45  1 13 116204.46 2.377E+08 3.270E-06
  46  3  5 116215.20 2.177E+08 2.457E-06
  47  2 10 116327.18 2.337E+08 1.009E-06
  48  0 16 116414.30 2.549E+08 4.090E-07
  49  3  6 116467.52 2.380E+08 1.234E-06
  50  3  7 116546.71 2.545E+08 1.217E-06
  51  1 14 116723.55 2.239E+08 1.849E-06
  52  2 11 116762.60 2.501E+08 1.039E-06
  53  4  7 116780.80 2.759E+08 2.136E-06
  54  3  8 116869.25 2.112E+08 2.816E-06
  55  4  0 116906.05 1.576E+08 1.109E-05
  56  4  1 116937.69 1.583E+08 1.400E-05
  57  4  2 117001.53 1.583E+08 1.471E-05
  58  0 17 117030.97 2.385E+08 3.238E-07
  59  2 12 117039.39 2.381E+08 5.023E-06
  60  4  3 117097.94 1.570E+08 2.121E-05
  61  3  9 117199.15 1.846E+08 1.452E-05
  62  4  4 117226.27 1.542E+08 1.480E-05
  63  1 15 117258.48 2.089E+08 2.198E-06
  64  4  5 117384.81 1.501E+08 2.279E-05
  65  2 13 117524.94 1.927E+08 1.721E-05
  66  3 10 117541.81 1.671E+08 1.906E-05
  67  4  6 117570.86 1.452E+08 8.485E-05
  68  0 18 117657.21 2.209E+08 3.790E-06
  69  5  7 117780.71 1.404E+08 1.970E-03
  70  1 16 117805.06 1.926E+08 7.529E-05
  71  5  0 117859.18 1.331E+08 7.701E-04
  72  5  1 117883.78 1.345E+08 2.581E-03
  73  3 11 117896.98 1.528E+08 6.168E-05
  74  5  2 117932.02 1.375E+08 4.503E-03
  75  2 14 117998.21 1.685E+08 5.873E-04
  76  5  3 118001.96 1.442E+08 4.448E-02
  77  4  8 118009.26 1.358E+08 1.519E-03
  78  5  4 118090.04 1.604E+08 7.313E-02
  79  6  0 118170.22 3.382E+08 3.888E-01
  80  6  1 118177.72 3.435E+08 3.796E-01
  81  5  5 118190.10 2.213E+08 2.788E-01
  82  6  2 118192.26 3.529E+08 3.534E-01
  83  6  3 118213.22 3.658E+08 7.404E-01
  84  5  6 118228.93 4.032E+08 5.957E-01
  85  6  4 118240.30 3.781E+08 7.289E-01
  86  4  9 118248.62 1.362E+08 1.982E-02
  87  3 12 118260.16 1.399E+08 6.954E-03
  88  7  0 118272.26 3.877E+08 9.120E-01
  89  6  5 118275.79 3.776E+08 9.345E-01
  90  7  1 118278.12 3.927E+08 9.157E-01
  91  0 19 118289.32 2.020E+08 1.106E-05
  92  7  2 118289.36 3.980E+08 9.251E-01
  93  6  6 118292.55 4.060E+08 7.266E-01
  94  6  7 118303.95 4.365E+08 8.722E-01
  95  7  3 118305.10 4.037E+08 9.386E-01
  96  7  4 118324.32 4.077E+08 9.492E-01
  97  8  0 118336.05 6.058E+08 9.779E-01
  98  8  1 118341.70 5.050E+08 9.610E-01
  99  5  8 118345.83 4.286E+08 9.155E-01
 100  7  6 118345.63 3.852E+08 7.007E-01
 101  7  5 118346.56 4.001E+08 9.673E-01
 102  8  2 118348.87 3.836E+08 9.638E-01
 103  1 17 118358.62 1.749E+08 6.415E-05
 104  8  3 118359.04 3.397E+08 9.652E-01
 105  7  7 118363.57 4.341E+08 9.150E-01
 106  8  4 118370.51 4.931E+08 9.803E-01
 107  9  0 118374.81 1.378E+08 9.644E-01
 108  9  1 118376.59 1.099E+08 9.600E-01
#----------------------------------------
# Filtered by JLB - 19 X 2020
# Original data from Abgrall and Roueff
# Levels energies computed from X levels and UV transitions energies as found in Bp_transitions.dat
# Available from SESAM database, as described in Roueff et al. (2020), 8, 36

