# Nb v_max J_max                       #
  262 13 31                            #
# Lev VU JU E(CM-1)  iDvie(s-1) p_dis  #
   1  0  1  99152.26 1.180E+09 1.384E-04
   2  0  2  99276.05 1.179E+09 3.762E-04
   3  0  3  99460.20 1.178E+09 7.645E-04
   4  0  4  99702.94 1.176E+09 1.577E-03
   5  0  5 100001.52 1.172E+09 5.825E-03
   6  0  6 100336.45 1.158E+09 1.775E-01
   7  0  7 100768.32 1.168E+09 8.024E-03
   8  0  8 101221.32 1.163E+09 3.328E-03
   9  1  1 101457.97 1.159E+09 3.985E-04
  10  1  2 101575.38 1.158E+09 1.309E-03
  11  0  9 101720.06 1.157E+09 5.475E-03
  12  1  3 101749.60 1.156E+09 3.686E-03
  13  1  4 101977.12 1.150E+09 1.565E-02
  14  0 10 102288.05 1.128E+09 1.680E-01
  15  1  5 102294.32 1.122E+09 1.563E-01
  16  1  6 102610.91 1.149E+09 1.473E-02
  17  0 11 102850.01 1.148E+09 4.779E-03
  18  1  7 102992.64 1.146E+09 8.036E-03
  19  1  8 103420.29 1.139E+09 1.173E-02
  20  0 12 103465.26 1.140E+09 5.682E-03
  21  2  1 103629.16 1.138E+09 1.635E-03
  22  2  2 103738.99 1.135E+09 8.371E-03
  23  1  9 103872.80 1.089E+09 1.343E-01
  24  2  3 103896.55 1.111E+09 6.726E-02
  25  0 13 104125.39 1.127E+09 4.007E-02
  26  2  4 104141.89 1.113E+09 7.305E-02
  27  2  5 104403.89 1.129E+09 1.722E-02
  28  1 10 104420.69 1.131E+09 1.743E-02
  29  2  6 104719.17 1.127E+09 1.071E-02
  30  0 14 104797.35 1.128E+09 3.309E-03
  31  1 11 104964.89 1.125E+09 1.084E-02
  32  2  7 105079.36 1.120E+09 1.586E-02
  33  2  8 105468.49 1.075E+09 9.619E-02
  34  0 15 105494.67 1.096E+09 5.474E-02
  35  1 12 105523.31 1.048E+09 1.641E-01
  36  3  1 105661.12 1.052E+09 1.419E-01
  37  3  2 105784.01 1.094E+09 5.796E-02
  38  3  3 105938.83 1.110E+09 2.117E-02
  39  2  9 105956.15 1.107E+09 3.905E-02
  40  3  4 106144.39 1.112E+09 1.281E-02
  41  1 13 106170.48 1.115E+09 1.149E-02
  42  0 16 106230.89 1.114E+09 2.852E-03
  43  3  5 106397.37 1.110E+09 1.180E-02
  44  2 10 106430.44 1.109E+09 1.678E-02
  45  3  6 106693.78 1.102E+09 1.872E-02
  46  1 14 106803.75 1.099E+09 2.134E-02
  47  2 11 106933.52 1.070E+09 6.739E-02
  48  0 17 106973.55 1.093E+09 2.435E-02
  49  3  7 107020.27 1.055E+09 9.109E-02
  50  3  8 107450.82 1.076E+09 6.298E-02
  51  1 15 107481.10 1.099E+09 1.683E-02
  52  2 12 107515.80 1.093E+09 3.284E-02
  53  4  1 107581.26 1.103E+09 2.935E-03
  54  4  2 107681.73 1.101E+09 5.402E-03
  55  0 18 107741.62 1.099E+09 2.022E-03
  56  4  3 107829.89 1.099E+09 7.285E-03
  57  3  9 107858.17 1.092E+09 2.236E-02
  58  4  4 108023.69 1.095E+09 1.016E-02
  59  2 13 108081.78 1.089E+09 2.009E-02
  60  1 16 108159.36 1.091E+09 1.213E-02
  61  4  5 108259.65 1.085E+09 2.047E-02
  62  3 10 108301.14 1.066E+09 4.800E-02
  63  0 19 108505.33 9.593E+08 2.400E-01
  64  4  6 108525.10 1.028E+09 9.961E-02
  65  2 14 108716.62 1.035E+09 1.129E-01
  66  3 11 108832.61 1.047E+09 8.607E-02
  67  1 17 108870.96 1.086E+09 1.412E-02
  68  4  7 108898.11 1.048E+09 7.902E-02
  69  4  8 109243.77 1.075E+09 2.704E-02
  70  0 20 109306.95 1.083E+09 1.413E-03
  71  2 15 109317.85 1.081E+09 1.485E-02
  72  3 12 109327.50 1.076E+09 2.450E-02
  73  5  1 109361.98 1.090E+09 1.368E-03
  74  5  2 109455.37 1.087E+09 3.813E-03
  75  1 18 109582.77 1.076E+09 1.285E-02
  76  5  3 109593.12 1.082E+09 8.524E-03
  77  4  9 109627.74 1.057E+09 4.093E-02
  78  5  4 109771.72 1.069E+09 2.281E-02
  79  3 13 109838.27 9.733E+08 1.564E-01
  80  5  5 109977.14 9.871E+08 1.297E-01
  81  2 16 109994.05 9.793E+08 1.712E-01
  82  0 21 110104.52 1.075E+09 2.713E-03
  83  4 10 110118.71 9.628E+08 1.892E-01
  84  5  6 110291.98 1.031E+09 7.549E-02
  85  1 19 110318.68 1.075E+09 6.021E-03
  86  3 14 110447.80 1.066E+09 2.574E-02
  87  4 11 110537.31 1.059E+09 3.259E-02
  88  5  7 110581.87 1.060E+09 2.934E-02
  89  2 17 110625.31 1.070E+09 1.246E-02
  90  0 22 110905.56 1.064E+09 4.900E-03
  91  5  8 110909.25 1.048E+09 3.729E-02
  92  4 12 111000.55 1.019E+09 6.884E-02
  93  3 15 111012.34 1.014E+09 7.457E-02
  94  6  1 111012.83 1.077E+09 2.633E-03
  95  1 20 111047.86 9.990E+08 9.618E-02
  96  6  2 111098.59 1.071E+09 8.463E-03
  97  6  3 111222.99 1.048E+09 3.293E-02
  98  5  9 111239.01 9.087E+08 2.173E-01
  99  2 18 111313.14 1.033E+09 5.807E-02
 100  6  4 111367.02 9.026E+08 2.245E-01
 101  4 13 111547.83 1.033E+09 5.835E-02
 102  6  5 111628.13 1.029E+09 5.635E-02
 103  3 16 111640.94 1.056E+09 2.564E-02
 104  5 10 111706.57 1.038E+09 4.739E-02
 105  0 23 111712.51 1.059E+09 6.569E-04
 106  1 21 111805.22 1.061E+09 3.719E-03
 107  6  6 111866.86 1.051E+09 2.731E-02
 108  2 19 111983.14 1.054E+09 1.480E-02
 109  4 14 112054.10 1.036E+09 4.300E-02
 110  5 11 112114.69 1.028E+09 4.720E-02
 111  6  7 112140.46 1.041E+09 3.319E-02
 112  3 17 112235.05 9.820E+08 9.995E-02
 113  6  8 112428.64 9.469E+08 1.363E-01
 114  0 24 112520.14 1.052E+09 8.150E-04
 115  7  1 112530.36 1.059E+09 1.195E-02
 116  1 22 112558.86 1.053E+09 5.088E-03
 117  7  2 112602.23 9.833E+08 9.321E-02
 118  5 12 112620.21 9.447E+08 1.693E-01
 119  4 15 112631.64 1.007E+09 7.985E-02
 120  2 20 112681.44 1.052E+09 1.120E-02
 121  7  3 112750.61 9.726E+08 1.140E-01
 122  6  9 112830.07 1.008E+09 7.722E-02
 123  3 18 112885.90 1.049E+09 1.794E-02
 124  7  4 112901.46 1.037E+09 3.986E-02
 125  5 13 113054.81 1.032E+09 4.427E-02
 126  7  5 113091.64 1.046E+09 3.047E-02
 127  4 16 113167.69 1.029E+09 4.005E-02
 128  6 10 113181.42 1.027E+09 5.281E-02
 129  1 23 113303.63 9.372E+08 1.366E-01
 130  7  6 113314.30 7.963E+08 3.436E-02
 131  0 25 113327.33 1.035E+09 1.250E-02
 132  2 21 113358.02 8.883E+08 2.044E-01
 133  5 14 113498.81 8.655E+08 2.450E-01
 134  6 11 113538.80 8.975E+08 1.942E-01
 135  3 19 113543.22 9.580E+08 1.284E-01
 136  7  7 113557.78 9.760E+08 1.055E-01
 137  4 17 113761.31 1.020E+09 5.499E-02
 138  7  8 113901.68 9.605E+08 1.420E-01
 139  8  1 113918.04 1.033E+09 6.935E-02
 140  8  2 113993.63 1.040E+09 6.514E-02
 141  6 12 114013.21 1.015E+09 7.394E-02
 142  5 15 114058.30 1.027E+09 5.101E-02
 143  1 24 114065.39 1.039E+09 5.491E-03
 144  2 22 114076.74 1.040E+09 3.689E-02
 145  8  3 114103.81 1.046E+09 6.770E-02
 146  0 26 114129.77 1.035E+09 3.824E-03
 147  3 20 114163.49 1.033E+09 7.267E-02
 148  7  9 114195.50 1.022E+09 7.914E-02
 149  8  4 114247.34 1.047E+09 6.777E-02
 150  4 18 114321.51 9.993E+08 1.259E-01
 151  8  5 114421.66 1.040E+09 8.200E-02
 152  6 13 114422.35 9.802E+08 1.099E-01
 153  7 10 114515.26 9.754E+08 1.324E-01
 154  5 16 114528.62 8.339E+08 3.048E-01
 155  8  6 114620.42 1.002E+09 1.140E-01
 156  2 23 114779.73 1.037E+09 2.124E-02
 157  3 21 114816.04 1.036E+09 4.928E-02
 158  1 25 114817.58 1.034E+09 1.255E-01
 159  6 14 114910.41 9.950E+08 2.219E-01
 160  8  7 114915.62 8.756E+08 2.586E-01
 161  4 19 114925.31 1.031E+09 8.353E-02
 162  7 11 114927.45 9.615E+08 1.610E-01
 163  0 27 114928.49 1.029E+09 6.102E-02
 164  5 17 115103.94 1.023E+09 1.150E-01
 165  8  8 115149.37 1.011E+09 1.307E-01
 166  9  1 115153.99 1.060E+09 6.608E-02
 167  9  2 115222.05 1.056E+09 7.222E-02
 168  7 12 115279.81 1.008E+09 2.065E-01
 169  9  3 115321.64 1.054E+09 1.030E-01
 170  6 15 115345.69 9.882E+08 1.570E-01
 171  8  9 115422.07 1.008E+09 1.619E-01
 172  9  4 115450.75 1.047E+09 1.265E-01
 173  3 22 115471.36 9.806E+08 4.318E-01
 174  2 24 115480.11 1.026E+09 9.778E-02
 175  4 20 115534.53 9.422E+08 5.216E-01
 176  1 26 115564.79 1.028E+09 1.109E-01
 177  9  5 115605.73 1.027E+09 1.923E-01
 178  5 18 115658.48 9.706E+08 5.674E-01
 179  8 10 115689.90 8.394E+08 3.662E-01
 180  0 28 115720.11 1.022E+09 4.936E-02
 181  7 13 115734.45 8.458E+08 3.897E-01
 182  9  6 115773.31 9.116E+08 3.276E-01
 183  6 16 115844.75 1.002E+09 6.169E-01
 184  9  7 116033.93 9.819E+08 3.504E-01
 185  8 11 116077.30 1.005E+09 2.571E-01
 186  7 14 116092.98 1.012E+09 6.638E-01
 187  3 23 116102.49 1.003E+09 3.498E-01
 188  4 21 116103.92 1.010E+09 4.550E-01
 189  5 19 116169.48 9.968E+08 5.484E-01
 190  2 25 116180.47 9.089E+08 4.896E-01
 191 10  1 116237.42 1.068E+09 3.865E-01
 192  9  8 116255.13 1.023E+09 3.296E-01
 193  6 17 116293.94 9.516E+08 6.326E-01
 194 10  2 116297.24 1.065E+09 4.052E-01
 195  1 27 116305.04 1.022E+09 5.304E-01
 196 10  3 116384.81 1.061E+09 4.392E-01
 197  8 12 116394.33 9.729E+08 6.997E-01
 198  9  9 116494.42 9.839E+08 4.815E-01
 199 10  4 116497.87 1.052E+09 4.391E-01
 200  0 29 116502.57 1.015E+09 3.121E-01
 201 10  5 116631.72 1.017E+09 4.907E-01
 202  4 22 116700.48 1.027E+09 6.614E-01
 203  5 20 116718.23 1.025E+09 6.739E-01
 204  3 24 116747.07 1.023E+09 5.162E-01
 205  8 13 116784.37 9.794E+08 6.616E-01
 206  6 18 116797.21 1.021E+09 6.967E-01
 207  9 10 116813.01 9.385E+08 6.940E-01
 208 10  6 116842.51 8.588E+08 6.004E-01
 209  2 26 116857.33 9.907E+08 3.974E-01
 210  7 16 116932.43 1.015E+09 7.285E-01
 211 10  7 117003.19 1.019E+09 6.550E-01
 212  1 28 117036.14 1.016E+09 5.158E-01
 213  9 11 117072.36 1.018E+09 6.444E-01
 214  8 14 117117.22 9.945E+08 7.656E-01
 215 11  1 117150.62 1.083E+09 4.271E-01
 216 10  8 117196.08 1.034E+09 6.261E-01
 217 11  2 117201.46 1.080E+09 4.442E-01
 218  5 21 117259.63 1.005E+09 7.058E-01
 219  0 30 117274.34 1.009E+09 2.999E-01
 220 11  3 117275.67 1.078E+09 5.913E-01
 221  4 23 117288.03 1.025E+09 6.864E-01
 222  6 19 117292.85 9.698E+08 7.306E-01
 223  9 12 117336.02 8.923E+08 8.050E-01
 224 11  4 117370.98 1.068E+09 6.068E-01
 225  7 17 117377.31 9.706E+08 7.518E-01
 226  3 25 117381.12 1.024E+09 6.894E-01
 227 10  9 117395.85 9.561E+08 7.861E-01
 228 11  5 117482.54 1.034E+09 7.732E-01
 229  7 15 117506.76 9.982E+08 7.742E-01
 230  2 27 117535.88 9.896E+08 6.715E-01
 231 11  6 117652.90 9.254E+08 7.638E-01
 232 10 10 117663.18 1.007E+09 8.002E-01
 233  9 13 117678.12 1.023E+09 7.945E-01
 234  6 20 117738.21 9.374E+08 7.856E-01
 235  1 29 117755.63 1.011E+09 7.001E-01
 236  7 18 117766.89 9.641E+08 7.856E-01
 237 11  7 117788.46 1.050E+09 7.860E-01
 238  5 22 117796.38 9.167E+08 7.720E-01
 239  8 16 117838.90 9.444E+08 8.063E-01
 240  4 24 117865.11 1.023E+09 7.138E-01
 241 12  1 117868.72 1.109E+09 6.309E-01
 242 10 11 117882.19 1.023E+09 7.920E-01
 243 12  2 117908.84 1.107E+09 6.127E-01
 244  9 14 117943.84 8.713E+08 8.466E-01
 245 11  8 117943.97 1.052E+09 7.607E-01
 246 12  3 117966.89 1.110E+09 7.035E-01
 247  3 26 118003.64 1.021E+09 6.892E-01
 248  0 31 118032.85 9.635E+08 7.704E-01
 249 12  4 118040.32 1.093E+09 6.840E-01
 250 12  5 118122.03 1.001E+09 8.551E-01
 251 10 12 118145.29 1.009E+09 8.485E-01
 252 11  9 118146.22 9.460E+08 8.593E-01
 253  7 19 118192.02 1.015E+09 8.000E-01
 254  2 28 118204.32 1.011E+09 6.794E-01
 255  6 21 118212.88 9.785E+08 8.019E-01
 256  8 17 118213.95 1.019E+09 8.154E-01
 257 12  6 118241.44 8.934E+08 7.808E-01
 258  8 15 118270.86 1.002E+09 8.473E-01
 259 11 10 118295.57 1.042E+09 8.869E-01
 260  5 23 118305.17 9.910E+08 7.806E-01
 261 13  1 118349.92 1.143E+09 8.166E-01
 262 13  2 118375.19 1.145E+09 8.050E-01
#----------------------------------------
# Filtered by JLB - 19 X 2020
# Original data from Abgrall and Roueff
# Levels energies computed from X levels and UV transitions energies as found in C+_transitions.dat
# Available from SESAM database, as described in Roueff et al. (2020), 8, 36

