# Nb v_max J_max                       #
  265 13 31                            #
# Lev VU JU E(CM-1)  iDvie(s-1) p_dis  #
   1  0  1  99151.04 1.180E+09 2.443E-11
   2  0  2  99272.55 1.179E+09 2.493E-11
   3  0  3  99453.63 1.177E+09 2.545E-11
   4  0  4  99692.87 1.174E+09 2.591E-11
   5  0  5  99988.49 1.171E+09 2.537E-11
   6  0  6 100338.30 1.168E+09 2.467E-11
   7  0  7 100739.81 1.164E+09 2.326E-11
   8  0  8 101190.27 1.159E+09 2.072E-11
   9  1  1 101456.72 1.158E+09 3.010E-11
  10  1  2 101571.93 1.157E+09 3.322E-11
  11  0  9 101686.70 1.154E+09 2.165E-11
  12  1  3 101743.62 1.156E+09 3.877E-11
  13  1  4 101970.42 1.153E+09 5.386E-11
  14  0 10 102225.98 1.149E+09 2.079E-11
  15  1  5 102250.61 1.151E+09 6.653E-11
  16  1  6 102582.10 1.147E+09 7.909E-11
  17  0 11 102804.87 1.143E+09 2.412E-11
  18  1  7 102962.49 1.143E+09 8.703E-11
  19  1  8 103389.13 1.139E+09 1.006E-10
  20  0 12 103420.05 1.137E+09 2.808E-11
  21  2  1 103628.30 1.139E+09 6.878E-10
  22  2  2 103737.38 1.137E+09 7.262E-10
  23  1  9 103859.17 1.135E+09 7.304E-11
  24  2  3 103899.88 1.136E+09 7.712E-10
  25  0 13 104068.21 1.131E+09 3.018E-11
  26  2  4 104114.53 1.134E+09 8.407E-10
  27  1 10 104369.60 1.130E+09 5.900E-11
  28  2  5 104379.64 1.131E+09 7.290E-10
  29  2  6 104693.21 1.128E+09 6.644E-10
  30  0 14 104746.04 1.124E+09 7.534E-11
  31  1 11 104917.29 1.124E+09 8.337E-10
  32  2  7 105052.92 1.125E+09 1.316E-09
  33  0 15 105450.26 1.117E+09 1.314E-09
  34  2  8 105456.24 1.121E+09 1.095E-08
  35  1 12 105499.08 1.119E+09 2.928E-09
  36  3  1 105668.43 1.121E+09 1.980E-08
  37  3  2 105771.46 1.120E+09 2.787E-08
  38  2  9 105900.39 1.116E+09 2.753E-08
  39  3  3 105924.94 1.118E+09 4.564E-08
  40  1 13 106111.75 1.113E+09 2.206E-08
  41  3  4 106127.63 1.116E+09 1.208E-07
  42  0 16 106177.68 1.110E+09 2.346E-09
  43  3  5 106377.91 1.114E+09 1.870E-07
  44  2 10 106382.49 1.112E+09 6.244E-08
  45  3  6 106673.84 1.111E+09 2.942E-07
  46  1 14 106752.13 1.106E+09 3.111E-08
  47  2 11 106899.53 1.107E+09 1.872E-07
  48  0 17 106925.18 1.103E+09 4.748E-09
  49  3  7 107013.19 1.108E+09 4.512E-07
  50  3  8 107393.50 1.104E+09 8.281E-07
  51  1 15 107417.04 1.100E+09 3.420E-08
  52  2 12 107448.44 1.102E+09 1.968E-07
  53  4  1 107578.95 1.105E+09 2.071E-06
  54  4  2 107676.01 1.104E+09 2.222E-06
  55  0 18 107689.77 1.096E+09 2.914E-09
  56  3  9 107812.12 1.100E+09 7.748E-07
  57  4  3 107820.57 1.102E+09 2.411E-06
  58  4  4 108011.42 1.100E+09 2.821E-06
  59  2 13 108026.13 1.096E+09 1.704E-07
  60  1 16 108103.40 1.094E+09 4.413E-08
  61  4  5 108247.01 1.098E+09 2.497E-06
  62  3 10 108266.23 1.096E+09 5.630E-07
  63  0 19 108468.55 1.088E+09 2.028E-07
  64  4  6 108525.44 1.096E+09 1.985E-06
  65  2 14 108629.51 1.091E+09 5.696E-07
  66  3 11 108752.93 1.091E+09 1.777E-06
  67  1 17 108808.19 1.087E+09 2.010E-06
  68  4  7 108844.57 1.093E+09 1.810E-06
  69  4  8 109202.01 1.089E+09 9.642E-06
  70  2 15 109255.52 1.085E+09 1.169E-05
  71  0 20 109258.73 1.081E+09 3.845E-07
  72  3 12 109269.26 1.087E+09 6.260E-06
  73  5  1 109360.46 1.090E+09 8.327E-06
  74  5  2 109451.54 1.090E+09 1.108E-05
  75  1 18 109528.50 1.080E+09 3.441E-06
  76  5  3 109587.15 1.088E+09 1.802E-05
  77  4  9 109595.17 1.086E+09 2.435E-05
  78  5  4 109766.13 1.087E+09 5.441E-05
  79  3 13 109812.19 1.082E+09 5.155E-05
  80  2 16 109901.16 1.079E+09 1.772E-05
  81  5  5 109986.96 1.085E+09 8.720E-05
  82  4 10 110021.32 1.082E+09 5.568E-05
  83  0 21 110057.66 1.074E+09 1.167E-06
  84  5  6 110247.81 1.082E+09 1.429E-04
  85  1 19 110261.49 1.074E+09 7.957E-06
  86  3 14 110378.73 1.077E+09 6.683E-05
  87  4 11 110477.65 1.078E+09 1.827E-04
  88  5  7 110546.59 1.080E+09 2.294E-04
  89  2 17 110563.49 1.073E+09 2.869E-05
  90  0 22 110862.81 1.066E+09 5.089E-07
  91  5  8 110880.97 1.077E+09 4.730E-04
  92  4 12 110961.23 1.074E+09 1.937E-04
  93  3 15 110965.88 1.072E+09 7.214E-05
  94  1 20 111004.45 1.067E+09 3.932E-06
  95  6  1 111011.97 1.079E+09 6.823E-04
  96  6  2 111097.01 1.078E+09 7.463E-04
  97  6  3 111223.58 1.077E+09 8.356E-04
  98  2 18 111239.64 1.067E+09 1.771E-05
  99  5  9 111248.44 1.074E+09 4.675E-04
 100  6  4 111390.55 1.075E+09 1.073E-03
 101  4 13 111469.14 1.070E+09 1.594E-04
 102  3 16 111570.68 1.066E+09 7.016E-05
 103  6  5 111596.45 1.074E+09 1.007E-03
 104  5 10 111646.34 1.071E+09 3.770E-04
 105  0 23 111671.74 1.059E+09 4.616E-05
 106  1 21 111754.75 1.060E+09 2.648E-04
 107  6  6 111839.47 1.072E+09 8.636E-04
 108  2 19 111926.82 1.061E+09 9.084E-04
 109  4 14 111998.43 1.065E+09 3.070E-04
 110  5 11 112071.89 1.067E+09 5.625E-04
 111  6  7 112117.57 1.070E+09 6.869E-04
 112  3 17 112190.23 1.061E+09 2.466E-03
 113  6  8 112428.46 1.067E+09 1.584E-03
 114  0 24 112482.15 1.051E+09 6.087E-05
 115  1 22 112509.88 1.053E+09 3.540E-04
 116  5 12 112522.24 1.064E+09 1.527E-03
 117  7  1 112531.09 1.070E+09 1.389E-03
 118  4 15 112546.14 1.061E+09 5.853E-03
 119  7  2 112609.92 1.069E+09 1.488E-03
 120  2 20 112622.32 1.055E+09 1.206E-03
 121  7  3 112727.20 1.068E+09 1.877E-03
 122  6  9 112769.68 1.065E+09 3.449E-03
 123  3 18 112821.67 1.056E+09 3.170E-03
 124  7  4 112881.82 1.067E+09 4.999E-03
 125  5 13 112994.47 1.060E+09 1.261E-02
 126  7  5 113072.32 1.066E+09 7.640E-03
 127  4 16 113109.35 1.056E+09 7.120E-03
 128  6 10 113138.58 1.062E+09 7.415E-03
 129  1 23 113267.40 1.047E+09 4.038E-04
 130  0 25 113291.82 1.044E+09 6.005E-05
 131  7  6 113296.95 1.065E+09 1.216E-02
 132  2 21 113323.50 1.049E+09 1.451E-03
 133  3 19 113462.21 1.051E+09 3.639E-03
 134  5 14 113485.63 1.057E+09 1.394E-02
 135  6 11 113532.42 1.060E+09 2.429E-02
 136  7  7 113553.67 1.063E+09 1.918E-02
 137  4 17 113685.15 1.052E+09 7.200E-03
 138  7  8 113840.23 1.061E+09 4.032E-02
 139  8  1 113913.44 1.065E+09 3.826E-02
 140  6 12 113948.37 1.057E+09 2.362E-02
 141  8  2 113985.80 1.064E+09 4.191E-02
 142  5 15 113992.78 1.053E+09 1.239E-02
 143  1 24 114024.96 1.041E+09 5.376E-04
 144  2 22 114027.79 1.043E+09 1.483E-03
 145  8  3 114093.39 1.064E+09 4.705E-02
 146  0 26 114098.60 1.037E+09 1.330E-02
 147  3 20 114109.11 1.046E+09 3.517E-03
 148  7  9 114154.16 1.060E+09 3.842E-02
 149  8  4 114235.10 1.063E+09 6.198E-02
 150  4 18 114270.65 1.048E+09 7.637E-03
 151  6 13 114383.51 1.054E+09 2.129E-02
 152  8  5 114409.49 1.062E+09 5.839E-02
 153  7 10 114492.84 1.058E+09 3.164E-02
 154  5 16 114512.92 1.050E+09 1.609E-02
 155  8  6 114614.80 1.062E+09 5.160E-02
 156  2 23 114732.68 1.038E+09 8.821E-02
 157  3 21 114759.67 1.041E+09 1.576E-01
 158  1 25 114780.25 1.034E+09 1.801E-03
 159  6 14 114834.85 1.052E+09 3.454E-02
 160  8  7 114849.01 1.061E+09 4.294E-02
 161  7 11 114853.48 1.056E+09 4.383E-02
 162  4 19 114862.97 1.044E+09 2.365E-01
 163  0 27 114900.45 1.030E+09 9.131E-03
 164  5 17 115043.09 1.047E+09 3.147E-01
 165  8  8 115109.84 1.060E+09 7.205E-02
 166  9  1 115152.04 1.064E+09 6.071E-02
 167  9  2 115217.52 1.064E+09 6.039E-02
 168  7 12 115233.21 1.055E+09 7.925E-02
 169  6 15 115299.37 1.050E+09 3.830E-01
 170  9  3 115314.79 1.064E+09 6.424E-02
 171  8  9 115394.80 1.059E+09 1.132E-01
 172  3 22 115411.20 1.036E+09 1.140E-01
 173  2 24 115435.67 1.033E+09 5.963E-02
 174  9  4 115442.71 1.065E+09 1.252E-01
 175  4 20 115459.22 1.040E+09 1.801E-01
 176  1 26 115531.02 1.028E+09 3.179E-01
 177  5 18 115580.27 1.044E+09 2.486E-01
 178  9  5 115599.84 1.064E+09 1.607E-01
 179  7 13 115629.01 1.054E+09 4.327E-01
 180  0 28 115695.35 1.024E+09 1.333E-01
 181  8 10 115701.18 1.058E+09 1.867E-01
 182  6 16 115773.96 1.049E+09 3.102E-01
 183  9  6 115784.38 1.064E+09 2.167E-01
 184  9  7 115994.25 1.064E+09 2.943E-01
 185  8 11 116026.13 1.058E+09 4.517E-01
 186  7 14 116037.77 1.053E+09 3.510E-01
 187  4 21 116056.52 1.037E+09 6.402E-01
 188  3 23 116061.00 1.032E+09 5.748E-01
 189  5 19 116121.43 1.042E+09 6.730E-01
 190  2 25 116134.29 1.028E+09 3.181E-02
 191  9  8 116227.09 1.065E+09 4.983E-01
 192 10  1 116236.05 1.071E+09 3.871E-01
 193  6 17 116255.43 1.046E+09 6.942E-01
 194  1 27 116275.02 1.023E+09 2.928E-01
 195 10  2 116293.98 1.071E+09 4.098E-01
 196  8 12 116366.58 1.058E+09 3.635E-01
 197 10  3 116379.90 1.071E+09 4.388E-01
 198  7 15 116456.24 1.052E+09 7.151E-01
 199  9  9 116480.31 1.065E+09 4.231E-01
 200  0 29 116481.32 1.017E+09 1.154E-01
 201 10  4 116492.63 1.073E+09 5.137E-01
 202 10  5 116630.67 1.072E+09 4.668E-01
 203  4 22 116651.88 1.034E+09 6.394E-01
 204  5 20 116663.41 1.040E+09 6.889E-01
 205  3 24 116706.30 1.029E+09 5.536E-01
 206  8 13 116719.30 1.059E+09 7.419E-01
 207  6 18 116740.46 1.046E+09 7.195E-01
 208  9 10 116751.03 1.066E+09 3.481E-01
 209 10  6 116792.14 1.073E+09 4.157E-01
 210  2 26 116826.03 1.024E+09 6.536E-01
 211  7 16 116881.02 1.057E+09 7.447E-01
 212 10  7 116974.82 1.075E+09 3.810E-01
 213  1 28 117009.98 1.017E+09 6.614E-01
 214  9 11 117036.16 1.068E+09 7.692E-01
 215  8 14 117080.83 1.060E+09 7.660E-01
 216 11  1 117149.53 1.085E+09 4.218E-01
 217 10  8 117176.16 1.078E+09 7.786E-01
 218 11  2 117198.89 1.086E+09 4.292E-01
 219  5 21 117202.88 1.039E+09 6.996E-01
 220  6 19 117225.57 1.046E+09 7.352E-01
 221  4 23 117242.23 1.032E+09 6.657E-01
 222  0 30 117256.58 1.011E+09 4.862E-01
 223 11  3 117271.88 1.087E+09 4.557E-01
 224  7 17 117308.45 1.053E+09 7.627E-01
 225  9 12 117332.29 1.070E+09 7.788E-01
 226  3 25 117344.22 1.026E+09 5.090E-01
 227 11  4 117367.24 1.094E+09 7.783E-01
 228 10  9 117393.29 1.080E+09 7.756E-01
 229  8 15 117447.45 1.062E+09 7.807E-01
 230 11  5 117483.30 1.090E+09 7.660E-01
 231  2 27 117508.27 1.019E+09 6.724E-01
 232 11  6 117617.95 1.093E+09 7.406E-01
 233 10 10 117622.92 1.083E+09 7.480E-01
 234  9 13 117635.67 1.073E+09 7.958E-01
 235  6 20 117706.96 1.047E+09 7.476E-01
 236  1 29 117733.56 1.013E+09 6.592E-01
 237  7 18 117734.52 1.055E+09 7.756E-01
 238  5 22 117736.25 1.038E+09 7.145E-01
 239 11  7 117768.67 1.097E+09 6.895E-01
 240  8 16 117815.06 1.066E+09 7.946E-01
 241  4 24 117824.23 1.031E+09 6.864E-01
 242 10 11 117861.37 1.088E+09 8.120E-01
 243 12  1 117867.88 1.111E+09 6.293E-01
 244 12  2 117906.96 1.113E+09 6.062E-01
 245 11  8 117932.45 1.102E+09 8.256E-01
 246  9 14 117942.06 1.078E+09 8.079E-01
 247 12  3 117964.34 1.115E+09 5.748E-01
 248  3 26 117971.67 1.024E+09 7.542E-01
 249  0 31 118018.67 1.006E+09 4.833E-01
 250 12  4 118038.53 1.125E+09 8.454E-01
 251 10 12 118104.32 1.094E+09 8.190E-01
 252 11  9 118105.68 1.108E+09 8.278E-01
 253 12  5 118127.45 1.123E+09 8.441E-01
 254  7 19 118154.71 1.059E+09 7.906E-01
 255  2 28 118178.22 1.016E+09 7.067E-01
 256  8 17 118178.91 1.071E+09 8.185E-01
 257  6 21 118180.30 1.049E+09 7.711E-01
 258 12  6 118228.41 1.129E+09 8.361E-01
 259  9 15 118246.46 1.085E+09 8.464E-01
 260  5 23 118259.46 1.040E+09 7.681E-01
 261 11 10 118283.98 1.116E+09 8.152E-01
 262 12  7 118337.88 1.137E+09 8.057E-01
 263 10 13 118346.54 1.103E+09 8.724E-01
 264 13  1 118349.32 1.159E+09 8.103E-01
 265 13  2 118374.38 1.162E+09 7.870E-01
#----------------------------------------
# Filtered by JLB - 19 X 2020
# Original data from Abgrall and Roueff
# Levels energies computed from X levels and UV transitions energies as found in C-_transitions.dat
# Available from SESAM database, as described in Roueff et al. (2020), 8, 36
