# Nb v_max J_max                       #
 1058 37 32                            #
# Lev VU JU E(CM-1)  iDvie(s-1) p_dis  #
    1  0  0 90203.53 1.865E+09 3.902E-09
    2  0  1 90242.39 1.864E+09 5.633E-09
    3  0  2 90319.71 1.859E+09 5.799E-09
    4  0  3 90434.77 1.852E+09 8.247E-09
    5  0  4 90586.50 1.843E+09 9.099E-09
    6  0  5 90773.52 1.831E+09 1.229E-08
    7  0  6 90994.19 1.817E+09 1.232E-08
    8  0  7 91246.63 1.800E+09 1.864E-08
    9  1  0 91521.99 1.740E+09 6.747E-08
   10  0  8 91528.83 1.782E+09 3.849E-08
   11  1  1 91558.91 1.738E+09 7.641E-08
   12  1  2 91632.40 1.734E+09 1.210E-07
   13  1  3 91741.83 1.728E+09 3.015E-07
   14  0  9 91838.62 1.761E+09 7.939E-08
   15  1  4 91886.28 1.719E+09 4.760E-07
   16  1  5 92064.55 1.709E+09 9.003E-07
   17  0 10 92173.80 1.737E+09 2.401E-07
   18  1  6 92275.18 1.697E+09 1.443E-06
   19  1  7 92516.55 1.682E+09 2.420E-06
   20  0 11 92532.14 1.712E+09 2.641E-07
   21  1  8 92786.83 1.666E+09 2.690E-06
   22  2  0 92803.49 1.631E+09 1.315E-05
   23  2  1 92838.78 1.630E+09 1.335E-05
   24  2  2 92909.01 1.626E+09 1.356E-05
   25  0 12 92911.44 1.685E+09 1.132E-06
   26  2  3 93013.66 1.620E+09 1.364E-05
   27  1  9 93084.11 1.648E+09 4.856E-06
   28  2  4 93151.89 1.613E+09 1.297E-05
   29  0 13 93309.56 1.656E+09 2.289E-06
   30  2  5 93322.60 1.604E+09 1.445E-05
   31  1 10 93406.38 1.627E+09 1.387E-05
   32  2  6 93524.54 1.592E+09 1.921E-05
   33  0 14 93724.47 1.625E+09 9.017E-06
   34  1 11 93751.59 1.606E+09 2.141E-05
   35  2  7 93756.19 1.580E+09 6.570E-05
   36  2  8 94015.92 1.565E+09 9.419E-05
   37  3  0 94050.23 1.535E+09 1.341E-04
   38  3  1 94084.08 1.534E+09 1.548E-04
   39  1 12 94117.71 1.582E+09 4.789E-05
   40  3  2 94151.43 1.531E+09 1.999E-04
   41  0 15 94154.24 1.593E+09 6.397E-06
   42  3  3 94251.82 1.526E+09 3.605E-04
   43  2  9 94301.97 1.549E+09 1.662E-04
   44  3  4 94384.50 1.519E+09 4.275E-04
   45  1 13 94502.72 1.557E+09 5.068E-05
   46  3  5 94548.48 1.510E+09 6.017E-04
   47  0 16 94597.09 1.560E+09 9.357E-05
   48  2 10 94612.49 1.531E+09 2.048E-04
   49  3  6 94742.57 1.500E+09 6.427E-04
   50  1 14 94904.68 1.531E+09 5.231E-04
   51  2 11 94945.58 1.512E+09 3.077E-04
   52  3  7 94965.42 1.489E+09 6.797E-04
   53  0 17 95051.36 1.526E+09 1.127E-04
   54  3  8 95215.51 1.475E+09 8.888E-04
   55  4  0 95263.25 1.450E+09 1.323E-03
   56  4  1 95295.79 1.449E+09 1.283E-03
   57  2 12 95299.33 1.491E+09 1.661E-03
   58  1 15 95321.72 1.503E+09 5.692E-04
   59  4  2 95360.52 1.446E+09 1.221E-03
   60  4  3 95457.03 1.441E+09 1.500E-03
   61  3  9 95491.22 1.461E+09 1.405E-03
   62  0 18 95515.54 1.491E+09 1.722E-04
   63  4  4 95584.64 1.435E+09 1.898E-03
   64  2 13 95671.85 1.469E+09 1.624E-03
   65  4  5 95742.43 1.427E+09 2.910E-03
   66  1 16 95752.07 1.474E+09 9.709E-04
   67  3 10 95790.81 1.445E+09 3.977E-03
   68  4  6 95929.31 1.418E+09 4.650E-03
   69  0 19 95988.27 1.455E+09 3.502E-04
   70  2 14 96061.28 1.446E+09 3.456E-03
   71  3 11 96112.53 1.428E+09 3.901E-03
   72  4  7 96144.03 1.407E+09 9.268E-03
   73  1 17 96194.10 1.444E+09 1.809E-03
   74  4  8 96385.18 1.395E+09 9.720E-03
   75  5  0 96443.26 1.372E+09 1.781E-02
   76  3 12 96454.56 1.409E+09 1.001E-02
   77  2 15 96465.81 1.421E+09 5.876E-03
   78  0 20 96468.31 1.420E+09 3.654E-03
   79  5  1 96474.57 1.371E+09 1.866E-02
   80  5  2 96536.87 1.369E+09 2.011E-02
   81  5  3 96629.78 1.364E+09 2.355E-02
   82  1 18 96646.27 1.413E+09 1.357E-02
   83  4  9 96651.21 1.382E+09 1.503E-02
   84  5  4 96752.66 1.358E+09 2.294E-02
   85  3 13 96815.11 1.389E+09 1.493E-02
   86  2 16 96883.73 1.395E+09 2.760E-02
   87  5  5 96904.68 1.351E+09 2.501E-02
   88  4 10 96940.55 1.367E+09 2.408E-02
   89  0 21 96954.54 1.384E+09 1.327E-03
   90  5  6 97084.83 1.343E+09 2.328E-02
   91  1 19 97107.19 1.382E+09 6.092E-03
   92  3 14 97192.40 1.368E+09 4.206E-02
   93  4 11 97251.48 1.351E+09 3.118E-02
   94  5  7 97291.92 1.333E+09 3.962E-02
   95  2 17 97313.43 1.369E+09 1.494E-02
   96  0 22 97445.97 1.347E+09 3.889E-02
   97  5  8 97524.65 1.322E+09 4.883E-02
   98  1 20 97575.57 1.350E+09 1.118E-01
   99  4 12 97582.33 1.335E+09 5.760E-02
  100  3 15 97584.71 1.346E+09 2.814E-02
  101  6  0 97590.77 1.302E+09 3.124E-02
  102  6  1 97620.93 1.301E+09 3.337E-02
  103  6  2 97680.92 1.298E+09 3.904E-02
  104  2 18 97753.40 1.341E+09 1.860E-01
  105  6  3 97770.42 1.295E+09 6.976E-02
  106  5  9 97781.56 1.310E+09 7.040E-02
  107  6  4 97888.84 1.289E+09 8.254E-02
  108  4 13 97931.37 1.317E+09 5.030E-02
  109  0 23 97941.69 1.311E+09 2.149E-02
  110  3 16 97990.38 1.323E+09 2.415E-01
  111  6  5 98035.42 1.283E+09 1.154E-01
  112  1 21 98050.27 1.317E+09 7.245E-02
  113  5 10 98061.15 1.296E+09 8.603E-02
  114  2 19 98202.22 1.313E+09 1.347E-01
  115  6  6 98209.21 1.274E+09 1.309E-01
  116  4 14 98296.91 1.298E+09 2.755E-01
  117  5 11 98361.82 1.282E+09 9.470E-02
  118  3 17 98407.82 1.300E+09 1.889E-01
  119  6  7 98409.10 1.265E+09 1.390E-01
  120  0 24 98440.91 1.276E+09 6.835E-02
  121  1 22 98530.22 1.285E+09 3.331E-01
  122  6  8 98633.84 1.255E+09 1.446E-01
  123  2 20 98658.61 1.284E+09 4.013E-01
  124  4 15 98677.29 1.279E+09 2.274E-01
  125  5 12 98681.95 1.267E+09 2.912E-01
  126  7  0 98706.23 1.237E+09 2.073E-01
  127  7  1 98735.22 1.237E+09 2.053E-01
  128  7  2 98792.92 1.234E+09 2.002E-01
  129  3 18 98835.56 1.275E+09 4.113E-01
  130  7  3 98879.11 1.230E+09 1.930E-01
  131  6  9 98882.09 1.244E+09 1.715E-01
  132  0 25 98942.91 1.241E+09 3.072E-01
  133  7  4 98993.27 1.225E+09 1.888E-01
  134  1 23 99014.51 1.252E+09 2.780E-01
  135  5 13 99019.91 1.250E+09 2.494E-01
  136  4 16 99070.92 1.257E+09 4.112E-01
  137  2 21 99121.39 1.255E+09 3.728E-01
  138  7  5 99134.68 1.219E+09 1.926E-01
  139  6 10 99152.38 1.232E+09 2.959E-01
  140  3 19 99272.19 1.249E+09 4.087E-01
  141  7  6 99302.45 1.212E+09 2.139E-01
  142  5 14 99374.07 1.234E+09 4.190E-01
  143  6 11 99443.22 1.219E+09 2.723E-01
  144  0 26 99447.03 1.205E+09 2.630E-01
  145  4 17 99476.25 1.237E+09 4.210E-01
  146  7  7 99495.52 1.204E+09 3.255E-01
  147  1 24 99502.26 1.219E+09 3.805E-01
  148  2 22 99589.51 1.226E+09 4.476E-01
  149  7  8 99712.70 1.194E+09 3.263E-01
  150  3 20 99716.45 1.223E+09 4.271E-01
  151  5 15 99742.84 1.216E+09 4.312E-01
  152  6 12 99753.05 1.205E+09 4.339E-01
  153  8  0 99790.13 1.178E+09 3.018E-01
  154  8  1 99818.24 1.177E+09 3.127E-01
  155  8  2 99874.18 1.175E+09 3.336E-01
  156  4 18 99891.84 1.213E+09 4.387E-01
  157  0 27 99952.69 1.172E+09 7.457E-01
  158  7  9 99952.70 1.184E+09 4.092E-01
  159  8  3 99957.72 1.173E+09 3.925E-01
  160  1 25 99992.75 1.188E+09 4.917E-01
  161  2 23 100061.97 1.196E+09 4.621E-01
  162  8  4 100068.50 1.167E+09 3.967E-01
  163  6 13 100080.32 1.190E+09 4.403E-01
  164  5 16 100124.68 1.196E+09 4.508E-01
  165  3 21 100167.14 1.197E+09 4.350E-01
  166  8  5 100206.57 1.163E+09 4.267E-01
  167  7 10 100214.13 1.172E+09 4.446E-01
  168  4 19 100316.31 1.190E+09 4.392E-01
  169  8  6 100388.14 1.167E+09 2.371E-01
  170  6 14 100423.46 1.174E+09 4.543E-01
  171  0 28 100459.35 1.137E+09 7.056E-01
  172  1 26 100485.29 1.154E+09 4.628E-01
  173  7 11 100495.55 1.160E+09 4.402E-01
  174  5 17 100518.09 1.177E+09 4.508E-01
  175  2 24 100537.92 1.166E+09 4.775E-01
  176  8  7 100548.92 1.146E+09 4.349E-01
  177  3 22 100623.19 1.170E+09 5.153E-01
  178  4 20 100748.41 1.166E+09 4.938E-01
  179  8  8 100760.47 1.137E+09 4.324E-01
  180  6 15 100780.93 1.157E+09 4.565E-01
  181  7 12 100795.48 1.147E+09 4.527E-01
  182  9  0 100842.91 1.123E+09 4.134E-01
  183  9  1 100869.88 1.123E+09 4.127E-01
  184  5 18 100921.67 1.156E+09 4.707E-01
  185  9  2 100923.56 1.121E+09 4.123E-01
  186  0 29 100966.41 1.104E+09 9.208E-01
  187  1 27 100979.26 1.123E+09 6.134E-01
  188  8  9 100993.07 1.128E+09 4.443E-01
  189  9  3 101003.79 1.118E+09 4.299E-01
  190  2 25 101016.57 1.136E+09 5.416E-01
  191  3 23 101083.62 1.142E+09 5.096E-01
  192  9  4 101110.17 1.113E+09 4.269E-01
  193  7 13 101112.41 1.133E+09 4.542E-01
  194  6 16 101151.25 1.140E+09 4.650E-01
  195  4 21 101186.95 1.142E+09 4.989E-01
  196  9  5 101242.08 1.108E+09 4.342E-01
  197  8 10 101246.22 1.117E+09 4.452E-01
  198  5 19 101334.08 1.135E+09 4.764E-01
  199  9  6 101398.75 1.101E+09 4.278E-01
  200  7 14 101444.86 1.119E+09 4.693E-01
  201  0 30 101473.69 1.073E+09 9.018E-01
  202  1 28 101474.12 1.091E+09 5.965E-01
  203  2 26 101497.22 1.106E+09 5.527E-01
  204  8 11 101518.70 1.106E+09 4.410E-01
  205  6 17 101532.98 1.122E+09 4.653E-01
  206  3 24 101547.54 1.115E+09 5.331E-01
  207  9  7 101579.26 1.094E+09 4.326E-01
  208  4 22 101630.86 1.117E+09 5.158E-01
  209  5 20 101754.08 1.113E+09 5.230E-01
  210  9  8 101782.70 1.086E+09 4.246E-01
  211  7 15 101791.35 1.104E+09 4.654E-01
  212  8 12 101809.15 1.094E+09 4.745E-01
  213 10  0 101865.08 1.073E+09 4.103E-01
  214 10  1 101891.47 1.072E+09 4.104E-01
  215  6 18 101924.74 1.103E+09 5.178E-01
  216 10  2 101944.02 1.071E+09 4.098E-01
  217  1 29 101969.25 1.060E+09 8.082E-01
  218  2 27 101979.26 1.076E+09 6.239E-01
  219  0 31 101980.66 1.040E+09 9.856E-01
  220  9  9 102008.60 1.079E+09 4.298E-01
  221  3 25 102014.15 1.087E+09 5.929E-01
  222 10  3 102022.87 1.069E+09 4.218E-01
  223  4 23 102079.15 1.092E+09 5.127E-01
  224  8 13 102116.14 1.081E+09 4.685E-01
  225 10  4 102129.42 1.068E+09 4.029E-01
  226  7 16 102150.43 1.087E+09 5.071E-01
  227  5 21 102180.49 1.091E+09 5.181E-01
  228 10  5 102224.62 1.088E+09 2.595E-01
  229  9 10 102228.07 1.093E+09 2.922E-01
  230  6 19 102325.23 1.084E+09 5.191E-01
  231 10  6 102395.53 1.053E+09 4.078E-01
  232  8 14 102438.25 1.068E+09 5.023E-01
  233  2 28 102462.11 1.047E+09 6.278E-01
  234  1 30 102464.46 1.029E+09 7.867E-01
  235  3 26 102482.75 1.059E+09 5.952E-01
  236  0 32 102486.96 1.010E+09 9.847E-01
  237  9 11 102511.41 1.056E+09 4.638E-01
  238  7 17 102520.72 1.071E+09 5.125E-01
  239  4 24 102530.94 1.067E+09 5.537E-01
  240 10  7 102572.62 1.045E+09 4.699E-01
  241  5 22 102612.28 1.068E+09 5.441E-01
  242  6 20 102733.24 1.064E+09 5.296E-01
  243 10  8 102770.00 1.037E+09 4.679E-01
  244  8 15 102774.07 1.054E+09 5.084E-01
  245  9 12 102793.75 1.045E+09 5.060E-01
  246 11  0 102857.14 1.025E+09 4.066E-01
  247 11  1 102882.33 1.025E+09 4.075E-01
  248  7 18 102900.88 1.054E+09 5.333E-01
  249 11  2 102932.44 1.023E+09 4.116E-01
  250  2 29 102945.12 1.018E+09 7.275E-01
  251  3 27 102952.69 1.032E+09 6.715E-01
  252  1 31 102959.24 9.993E+08 9.505E-01
  253  4 25 102985.42 1.042E+09 6.000E-01
  254 10  9 102987.76 1.029E+09 5.122E-01
  255 11  3 103007.37 1.022E+09 4.724E-01
  256  5 23 103048.43 1.045E+09 5.510E-01
  257  9 13 103091.42 1.033E+09 5.124E-01
  258 11  4 103106.77 1.017E+09 4.755E-01
  259  8 16 103122.20 1.039E+09 5.343E-01
  260  6 21 103147.63 1.043E+09 5.299E-01
  261 10 10 103225.00 1.020E+09 5.168E-01
  262 11  5 103230.15 1.013E+09 5.216E-01
  263  7 19 103289.65 1.036E+09 5.308E-01
  264 11  6 103376.89 1.007E+09 5.210E-01
  265  9 14 103403.63 1.021E+09 5.299E-01
  266  3 28 103423.38 1.005E+09 6.762E-01
  267  2 30 103428.14 9.888E+08 7.163E-01
  268  4 26 103441.87 1.016E+09 5.925E-01
  269  1 32 103453.19 9.697E+08 9.528E-01
  270 10 11 103480.68 1.011E+09 5.206E-01
  271  8 17 103481.31 1.024E+09 5.339E-01
  272  5 24 103488.07 1.022E+09 5.685E-01
  273 11  7 103546.41 1.002E+09 5.229E-01
  274  6 22 103567.34 1.022E+09 5.822E-01
  275  7 20 103685.84 1.017E+09 5.546E-01
  276  9 15 103729.13 1.008E+09 5.322E-01
  277 11  8 103738.89 9.974E+08 5.151E-01
  278 10 12 103754.27 1.002E+09 5.209E-01
  279 12  0 103819.59 9.817E+08 5.234E-01
  280 12  1 103844.71 9.822E+08 5.202E-01
  281  8 18 103850.11 1.008E+09 5.437E-01
  282  3 29 103894.19 9.778E+08 7.005E-01
  283 12  2 103895.29 9.832E+08 5.084E-01
  284  4 27 103899.63 9.904E+08 6.931E-01
  285  2 31 103910.60 9.605E+08 9.022E-01
  286  5 25 103930.39 9.984E+08 5.959E-01
  287 11  9 103969.99 1.035E+09 3.631E-01
  288 12  3 103976.50 1.003E+09 4.397E-01
  289  6 23 103991.41 1.001E+09 5.853E-01
  290 10 13 104031.71 9.974E+08 4.806E-01
  291 12  4 104046.22 9.949E+08 4.330E-01
  292  9 16 104066.62 9.938E+08 5.459E-01
  293  7 21 104088.32 9.986E+08 5.593E-01
  294 11 10 104164.37 9.782E+08 5.096E-01
  295 12  5 104172.90 9.724E+08 5.088E-01
  296  8 19 104227.36 9.911E+08 5.448E-01
  297 12  6 104316.53 9.646E+08 5.163E-01
  298 10 14 104340.54 9.765E+08 5.467E-01
  299  4 28 104358.11 9.652E+08 6.913E-01
  300  3 30 104364.92 9.511E+08 7.015E-01
  301  5 26 104374.66 9.747E+08 5.950E-01
  302  2 32 104392.15 9.328E+08 9.155E-01
  303  9 17 104414.83 9.795E+08 5.444E-01
  304 11 11 104415.49 9.669E+08 5.221E-01
  305  6 24 104418.94 9.795E+08 5.896E-01
  306 12  7 104480.69 9.582E+08 5.237E-01
  307  7 22 104496.08 9.793E+08 5.990E-01
  308  8 20 104611.90 9.742E+08 5.844E-01
  309 10 15 104656.52 9.645E+08 5.472E-01
  310 12  8 104665.14 9.515E+08 5.197E-01
  311 11 12 104680.29 9.572E+08 5.464E-01
  312 13  0 104752.97 9.410E+08 5.112E-01
  313  9 18 104772.50 9.647E+08 5.667E-01
  314 13  1 104776.56 9.408E+08 5.099E-01
  315  4 29 104816.66 9.397E+08 7.108E-01
  316  5 27 104820.22 9.512E+08 6.896E-01
  317 13  2 104823.48 9.393E+08 5.074E-01
  318  3 31 104835.04 9.246E+08 8.537E-01
  319  6 25 104849.14 9.577E+08 6.144E-01
  320 12  9 104869.14 9.445E+08 5.293E-01
  321 13  3 104893.63 9.375E+08 5.285E-01
  322  7 23 104908.16 9.596E+08 5.967E-01
  323 11 13 104959.78 9.470E+08 5.479E-01
  324 10 16 104983.80 9.516E+08 5.596E-01
  325 13  4 104986.78 9.340E+08 5.229E-01
  326  8 21 105002.66 9.568E+08 5.875E-01
  327 12 10 105091.87 9.373E+08 5.440E-01
  328 13  5 105102.55 9.309E+08 5.400E-01
  329  9 19 105138.46 9.496E+08 5.708E-01
  330 13  6 105240.67 9.270E+08 5.300E-01
  331 11 14 105253.29 9.369E+08 5.586E-01
  332  5 28 105266.49 9.272E+08 6.845E-01
  333  4 30 105275.10 9.150E+08 7.184E-01
  334  6 26 105281.27 9.358E+08 6.223E-01
  335  3 32 105304.15 8.988E+08 8.842E-01
  336 10 17 105321.42 9.387E+08 5.615E-01
  337  7 24 105323.67 9.397E+08 6.124E-01
  338 12 11 105333.22 9.316E+08 5.391E-01
  339  8 22 105398.61 9.389E+08 6.030E-01
  340 13  7 105401.72 9.260E+08 5.315E-01
  341  9 20 105511.58 9.339E+08 6.018E-01
  342 11 15 105565.64 9.504E+08 4.842E-01
  343 13  8 105597.22 9.610E+08 4.185E-01
  344 12 12 105612.50 9.931E+08 3.513E-01
  345 14  0 105657.80 9.031E+08 5.397E-01
  346 10 18 105668.25 9.249E+08 5.912E-01
  347 14  1 105689.42 9.720E+08 3.456E-01
  348  5 29 105712.79 9.038E+08 7.341E-01
  349  6 27 105714.67 9.139E+08 6.827E-01
  350 14  2 105717.54 9.277E+08 4.491E-01
  351  4 31 105732.86 8.900E+08 8.157E-01
  352  7 25 105741.82 9.196E+08 6.468E-01
  353 13  9 105753.14 9.168E+08 5.112E-01
  354 14  3 105787.43 9.073E+08 5.197E-01
  355  8 23 105798.83 9.209E+08 6.010E-01
  356 12 13 105848.07 9.095E+08 5.555E-01
  357 11 16 105873.32 9.128E+08 5.781E-01
  358 14  4 105878.20 8.994E+08 5.315E-01
  359  9 21 105890.79 9.176E+08 6.008E-01
  360 13 10 105976.07 8.993E+08 5.568E-01
  361 14  5 105990.27 8.943E+08 5.495E-01
  362 10 19 106023.16 9.106E+08 5.937E-01
  363 14  6 106123.22 8.887E+08 5.558E-01
  364 12 14 106134.49 8.980E+08 5.739E-01
  365  6 28 106148.76 8.917E+08 6.799E-01
  366  5 30 106158.95 8.803E+08 7.415E-01
  367  7 26 106161.89 8.990E+08 6.551E-01
  368  4 32 106189.56 8.655E+08 8.652E-01
  369 11 17 106201.18 9.002E+08 5.829E-01
  370  8 24 106202.43 9.024E+08 6.285E-01
  371 13 11 106209.86 8.904E+08 5.659E-01
  372  9 22 106275.11 9.014E+08 6.115E-01
  373 14  7 106276.41 8.834E+08 5.603E-01
  374 10 20 106385.06 8.961E+08 6.091E-01
  375 12 15 106431.30 8.874E+08 5.767E-01
  376 14  8 106449.10 8.779E+08 5.638E-01
  377 13 12 106458.15 8.822E+08 5.742E-01
  378 15  0 106534.61 8.679E+08 5.603E-01
  379 11 18 106537.53 8.874E+08 6.074E-01
  380 15  1 106556.76 8.679E+08 5.599E-01
  381  6 29 106582.85 8.698E+08 7.534E-01
  382  7 27 106583.21 8.786E+08 6.856E-01
  383 15  2 106600.76 8.666E+08 5.583E-01
  384  5 31 106604.39 8.571E+08 7.927E-01
  385  8 25 106608.65 8.834E+08 6.706E-01
  386 14  9 106640.61 8.725E+08 5.646E-01
  387  9 23 106663.62 8.843E+08 6.130E-01
  388 15  3 106666.63 8.650E+08 5.598E-01
  389 13 13 106720.90 8.743E+08 5.730E-01
  390 12 16 106738.94 8.767E+08 5.985E-01
  391 10 21 106752.93 8.814E+08 6.073E-01
  392 15  4 106754.20 8.628E+08 5.576E-01
  393 14 10 106850.99 8.691E+08 5.661E-01
  394 15  5 106863.44 8.612E+08 5.571E-01
  395 11 19 106881.67 8.746E+08 6.072E-01
  396 15  6 106995.24 8.629E+08 5.428E-01
  397 13 14 107000.33 8.750E+08 5.623E-01
  398  7 28 107005.20 8.583E+08 6.868E-01
  399  6 30 107016.79 8.477E+08 7.571E-01
  400  8 26 107016.76 8.648E+08 6.730E-01
  401  5 32 107048.74 8.346E+08 8.591E-01
  402  9 24 107055.47 8.670E+08 6.386E-01
  403 12 17 107059.45 8.788E+08 5.635E-01
  404 14 11 107088.76 8.956E+08 4.806E-01
  405 10 22 107125.80 8.658E+08 6.287E-01
  406 15  7 107159.56 9.020E+08 4.465E-01
  407 11 20 107232.59 8.610E+08 6.169E-01
  408 13 15 107273.10 8.577E+08 5.753E-01
  409 15  8 107278.55 8.704E+08 4.932E-01
  410 14 12 107294.07 8.579E+08 5.513E-01
  411 12 18 107380.23 8.531E+08 6.154E-01
  412 16  0 107383.89 8.348E+08 5.559E-01
  413 16  1 107404.26 8.361E+08 5.509E-01
  414  8 27 107426.10 8.458E+08 6.989E-01
  415  7 29 107427.17 8.374E+08 7.630E-01
  416 16  2 107445.51 8.356E+08 5.462E-01
  417  6 31 107449.97 8.264E+08 7.845E-01
  418  9 25 107449.89 8.500E+08 6.783E-01
  419 15  9 107474.68 8.412E+08 5.773E-01
  420 10 23 107502.79 8.502E+08 6.327E-01
  421 16  3 107508.08 8.339E+08 5.684E-01
  422 14 13 107555.05 8.397E+08 5.883E-01
  423 13 16 107574.86 8.426E+08 6.129E-01
  424 11 21 107589.33 8.470E+08 6.170E-01
  425 16  4 107591.71 8.306E+08 5.693E-01
  426 15 10 107679.01 8.320E+08 5.889E-01
  427 16  5 107695.88 8.273E+08 5.896E-01
  428 12 19 107714.19 8.406E+08 6.153E-01
  429 16  6 107819.97 8.232E+08 5.943E-01
  430 14 14 107822.97 8.305E+08 6.071E-01
  431  8 28 107836.09 8.263E+08 7.024E-01
  432  9 26 107846.17 8.322E+08 6.754E-01
  433  7 30 107848.95 8.173E+08 7.636E-01
  434  6 32 107882.05 8.047E+08 8.624E-01
  435 13 17 107882.81 8.318E+08 6.146E-01
  436 10 24 107883.04 8.345E+08 6.473E-01
  437 15 11 107897.53 8.248E+08 5.936E-01
  438 11 22 107950.95 8.329E+08 6.490E-01
  439 16  7 107963.34 8.190E+08 5.968E-01
  440 12 20 108054.43 8.280E+08 6.301E-01
  441 14 15 108101.71 8.220E+08 6.084E-01
  442 16  8 108125.42 8.152E+08 5.973E-01
  443 15 12 108130.70 8.188E+08 5.990E-01
  444 13 18 108198.91 8.210E+08 6.235E-01
  445 17  0 108206.16 8.043E+08 6.062E-01
  446 17  1 108226.99 8.045E+08 6.066E-01
  447  9 27 108243.65 8.144E+08 7.162E-01
  448  8 29 108246.04 8.075E+08 7.654E-01
  449 10 25 108265.81 8.183E+08 6.763E-01
  450 17  2 108268.38 8.038E+08 6.061E-01
  451  7 31 108269.98 7.968E+08 7.867E-01
  452 16  9 108306.28 8.134E+08 5.910E-01
  453 11 23 108316.58 8.185E+08 6.525E-01
  454 17  3 108330.44 8.030E+08 6.052E-01
  455 15 13 108379.99 8.188E+08 5.830E-01
  456 14 16 108392.61 8.183E+08 6.069E-01
  457 12 21 108400.26 8.153E+08 6.325E-01
  458 17  4 108413.33 8.029E+08 6.004E-01
  459 16 10 108510.99 8.310E+08 5.345E-01
  460 17  5 108518.22 8.078E+08 5.816E-01
  461 13 19 108534.95 9.415E+08 2.930E-01
  462 15 14 108603.27 8.582E+08 4.508E-01
  463  9 28 108641.76 7.968E+08 7.205E-01
  464 10 26 108650.39 8.018E+08 6.727E-01
  465  8 30 108655.79 7.882E+08 7.639E-01
  466 17  6 108655.03 8.579E+08 4.519E-01
  467 16 11 108675.32 8.373E+08 4.796E-01
  468 14 17 108680.56 8.059E+08 6.048E-01
  469 11 24 108685.41 8.035E+08 6.576E-01
  470  7 32 108689.87 7.766E+08 8.708E-01
  471 17  7 108742.34 8.299E+08 4.913E-01
  472 12 22 108750.83 8.021E+08 6.657E-01
  473 13 20 108850.69 7.975E+08 6.469E-01
  474 15 15 108892.65 7.922E+08 6.159E-01
  475 17  8 108910.82 7.908E+08 5.843E-01
  476 16 12 108917.35 7.902E+08 6.039E-01
  477 14 18 108989.78 7.905E+08 6.349E-01
  478 18  0 109001.87 7.757E+08 6.111E-01
  479 18  1 109021.38 7.761E+08 6.092E-01
  480 10 27 109036.15 7.854E+08 7.323E-01
  481  9 29 109039.80 7.789E+08 7.647E-01
  482 11 25 109056.69 7.886E+08 6.754E-01
  483 18  2 109060.32 7.755E+08 6.057E-01
  484  8 31 109064.76 7.693E+08 7.954E-01
  485 17  9 109086.91 7.808E+08 6.041E-01
  486 12 23 109105.30 7.885E+08 6.672E-01
  487 18  3 109118.93 7.743E+08 6.142E-01
  488 16 13 109158.11 7.802E+08 6.160E-01
  489 15 16 109173.91 7.819E+08 6.316E-01
  490 13 21 109185.99 7.855E+08 6.504E-01
  491 18  4 109197.09 7.720E+08 6.113E-01
  492 17 10 109277.02 7.744E+08 6.113E-01
  493 18  5 109294.46 7.695E+08 6.198E-01
  494 14 19 109303.34 7.800E+08 6.373E-01
  495 16 14 109409.07 7.731E+08 6.279E-01
  496 18  6 109410.62 7.667E+08 6.172E-01
  497 10 28 109422.51 7.688E+08 7.353E-01
  498 11 26 109429.73 7.734E+08 6.747E-01
  499  9 30 109437.63 7.611E+08 7.631E-01
  500 12 24 109462.88 7.748E+08 6.705E-01
  501 15 17 109462.93 7.734E+08 6.312E-01
  502  8 32 109472.57 7.504E+08 8.801E-01
  503 17 11 109481.82 7.695E+08 6.116E-01
  504 13 22 109525.74 7.732E+08 6.767E-01
  505 18  7 109545.15 7.642E+08 6.145E-01
  506 14 20 109622.96 7.697E+08 6.623E-01
  507 16 15 109671.94 7.697E+08 6.183E-01
  508 18  8 109698.13 7.637E+08 6.061E-01
  509 17 12 109702.33 7.694E+08 6.075E-01
  510 15 18 109761.73 7.716E+08 6.281E-01
  511 19  0 109771.48 7.491E+08 6.364E-01
  512 19  1 109791.15 7.496E+08 6.349E-01
  513 11 27 109803.90 7.581E+08 7.443E-01
  514 10 29 109808.77 7.521E+08 7.649E-01
  515 12 25 109822.83 7.610E+08 6.818E-01
  516 19  2 109830.27 7.498E+08 6.304E-01
  517  9 31 109834.65 7.433E+08 8.066E-01
  518 13 23 109869.23 7.607E+08 6.766E-01
  519 18  9 109872.91 7.777E+08 5.631E-01
  520 19  3 109889.30 7.514E+08 6.228E-01
  521 16 16 109906.70 8.574E+08 3.773E-01
  522 14 21 109946.23 7.589E+08 6.621E-01
  523 17 13 109959.56 8.617E+08 3.863E-01
  524 19  4 109969.78 7.609E+08 5.932E-01
  525 18 10 109989.46 8.620E+08 3.465E-01
  526 15 19 110058.33 7.542E+08 6.462E-01
  527 19  5 110083.35 8.370E+08 4.139E-01
  528 19  6 110144.50 7.858E+08 5.042E-01
  529 17 14 110153.15 7.527E+08 6.151E-01
  530 11 28 110178.64 7.426E+08 7.457E-01
  531 12 26 110184.48 7.468E+08 6.849E-01
  532 10 30 110194.79 7.357E+08 7.644E-01
  533 16 17 110211.25 7.469E+08 6.392E-01
  534 13 24 110215.73 7.480E+08 6.848E-01
  535 18 11 110220.69 7.503E+08 5.988E-01
  536  9 32 110230.49 7.256E+08 8.879E-01
  537 14 22 110275.90 7.464E+08 6.841E-01
  538 19  7 110283.91 7.462E+08 5.973E-01
  539 15 20 110368.93 7.424E+08 6.769E-01
  540 17 15 110410.36 7.385E+08 6.382E-01
  541 19  8 110432.77 7.358E+08 6.162E-01
  542 18 12 110436.08 7.367E+08 6.320E-01
  543 16 18 110499.61 7.369E+08 6.640E-01
  544 20  0 110515.40 7.244E+08 6.391E-01
  545 20  1 110533.80 7.248E+08 6.377E-01
  546 12 27 110547.21 7.325E+08 7.522E-01
  547 11 29 110553.26 7.272E+08 7.678E-01
  548 13 25 110564.51 7.350E+08 6.958E-01
  549 20  2 110570.39 7.243E+08 6.350E-01
  550 10 31 110580.00 7.189E+08 8.178E-01
  551 19  9 110595.77 7.300E+08 6.226E-01
  552 14 23 110608.64 7.348E+08 6.835E-01
  553 20  3 110625.32 7.233E+08 6.338E-01
  554 18 13 110660.43 7.300E+08 6.364E-01
  555 17 16 110673.37 7.307E+08 6.523E-01
  556 15 21 110683.47 7.322E+08 6.782E-01
  557 20  4 110698.49 7.219E+08 6.307E-01
  558 19 10 110773.45 7.260E+08 6.300E-01
  559 20  5 110789.67 7.203E+08 6.303E-01
  560 16 19 110793.70 7.285E+08 6.655E-01
  561 18 14 110896.29 7.270E+08 6.386E-01
  562 20  6 110898.64 7.190E+08 6.260E-01
  563 12 28 110910.47 7.181E+08 7.526E-01
  564 13 26 110914.92 7.218E+08 7.017E-01
  565 11 30 110927.61 7.116E+08 7.690E-01
  566 14 24 110944.23 7.230E+08 6.985E-01
  567 17 17 110945.44 7.274E+08 6.442E-01
  568 10 32 110964.00 7.025E+08 8.932E-01
  569 19 11 110966.44 7.260E+08 6.208E-01
  570 15 22 111002.79 7.253E+08 6.805E-01
  571 20  7 111025.49 7.197E+08 6.216E-01
  572 16 20 111101.98 7.890E+08 5.060E-01
  573 18 15 111154.11 7.722E+08 5.184E-01
  574 20  8 111172.55 7.316E+08 5.861E-01
  575 19 12 111183.01 7.627E+08 5.330E-01
  576 17 18 111205.51 7.492E+08 5.727E-01
  577 21  0 111233.97 7.017E+08 6.434E-01
  578 21  1 111252.70 7.032E+08 6.395E-01
  579 13 27 111266.35 7.086E+08 7.577E-01
  580 12 29 111273.56 7.038E+08 7.738E-01
  581 14 25 111282.00 7.109E+08 7.139E-01
  582 21  2 111290.31 7.071E+08 6.258E-01
  583 11 31 111301.11 6.961E+08 8.277E-01
  584 15 23 111323.72 7.108E+08 6.903E-01
  585 21  3 111349.22 7.266E+08 5.780E-01
  586 19 13 111353.37 7.364E+08 5.623E-01
  587 20  9 111365.82 8.637E+08 3.118E-01
  588 18 16 111376.86 7.145E+08 6.411E-01
  589 16 21 111394.84 7.085E+08 6.865E-01
  590 21  4 111446.48 8.681E+08 2.899E-01
  591 20 10 111464.21 7.224E+08 5.861E-01
  592 21  5 111482.20 7.355E+08 5.419E-01
  593 17 19 111499.55 7.046E+08 6.784E-01
  594 19 14 111591.43 7.018E+08 6.515E-01
  595 21  6 111592.64 7.056E+08 6.121E-01
  596 13 28 111618.25 6.954E+08 7.575E-01
  597 14 26 111621.31 6.989E+08 7.207E-01
  598 12 30 111636.35 6.892E+08 7.764E-01
  599 18 17 111642.84 6.993E+08 6.684E-01
  600 15 24 111648.63 6.996E+08 7.110E-01
  601 20 11 111656.12 7.000E+08 6.379E-01
  602 11 32 111673.38 6.808E+08 8.958E-01
  603 16 22 111703.51 6.984E+08 6.985E-01
  604 21  7 111715.44 6.963E+08 6.341E-01
  605 17 20 111789.86 6.955E+08 6.946E-01
  606 19 15 111829.70 6.936E+08 6.608E-01
  607 21  8 111852.67 6.911E+08 6.425E-01
  608 20 12 111855.00 6.927E+08 6.541E-01
  609 18 18 111912.29 6.919E+08 6.867E-01
  610 22  0 111927.48 6.807E+08 6.529E-01
  611 22  1 111944.75 6.812E+08 6.525E-01
  612 14 27 111961.57 6.866E+08 7.626E-01
  613 13 29 111969.93 6.818E+08 7.824E-01
  614 15 25 111975.53 6.887E+08 7.327E-01
  615 22  2 111979.04 6.808E+08 6.519E-01
  616 12 31 111998.26 6.749E+08 8.360E-01
  617 21  9 112004.52 6.879E+08 6.470E-01
  618 16 23 112015.24 6.887E+08 6.987E-01
  619 22  3 112030.45 6.802E+08 6.508E-01
  620 20 13 112064.85 6.897E+08 6.519E-01
  621 19 16 112076.18 6.900E+08 6.696E-01
  622 17 21 112084.70 6.883E+08 6.905E-01
  623 22  4 112098.93 6.796E+08 6.496E-01
  624 21 10 112171.28 6.880E+08 6.452E-01
  625 22  5 112184.39 6.793E+08 6.474E-01
  626 18 19 112189.48 6.929E+08 6.660E-01
  627 22  6 112286.96 6.808E+08 6.406E-01
  628 20 14 112290.13 7.047E+08 6.145E-01
  629 14 28 112302.23 6.740E+08 7.625E-01
  630 15 26 112303.87 6.773E+08 7.386E-01
  631 13 30 112321.28 6.685E+08 7.863E-01
  632 16 24 112328.97 6.787E+08 7.204E-01
  633 19 17 112344.24 7.583E+08 4.949E-01
  634 21 11 112356.82 7.068E+08 5.948E-01
  635 12 32 112358.91 6.604E+08 8.966E-01
  636 17 22 112380.00 6.793E+08 7.007E-01
  637 22  7 112408.27 6.915E+08 6.175E-01
  638 18 20 112460.77 6.786E+08 6.880E-01
  639 20 15 112480.36 7.218E+08 5.428E-01
  640 21 12 112485.70 7.817E+08 4.035E-01
  641 22  8 112562.56 7.805E+08 4.249E-01
  642 19 18 112576.56 6.745E+08 6.850E-01
  643 23  0 112596.13 6.617E+08 6.603E-01
  644 23  1 112614.94 6.722E+08 6.343E-01
  645 15 27 112633.06 6.660E+08 7.680E-01
  646 14 29 112642.60 6.617E+08 7.926E-01
  647 16 25 112645.27 6.680E+08 7.492E-01
  648 22  9 112646.48 7.105E+08 5.489E-01
  649 23  2 112657.29 7.462E+08 4.660E-01
  650 13 31 112671.69 6.550E+08 8.429E-01
  651 23  3 112678.55 7.537E+08 4.445E-01
  652 17 23 112682.27 6.680E+08 7.106E-01
  653 21 13 112715.71 6.742E+08 6.470E-01
  654 20 16 112732.02 6.685E+08 6.828E-01
  655 18 21 112747.34 6.662E+08 7.028E-01
  656 23  4 112750.87 6.853E+08 5.949E-01
  657 22 10 112816.96 6.704E+08 6.475E-01
  658 23  5 112834.74 6.688E+08 6.393E-01
  659 19 19 112844.43 6.635E+08 6.984E-01
  660 21 14 112930.89 6.624E+08 6.793E-01
  661 23  6 112933.03 6.619E+08 6.563E-01
  662 15 28 112962.55 6.546E+08 7.686E-01
  663 16 26 112962.74 6.576E+08 7.532E-01
  664 20 17 112978.02 6.604E+08 6.909E-01
  665 14 30 112982.57 6.492E+08 7.970E-01
  666 17 24 112986.05 6.587E+08 7.308E-01
  667 22 11 112991.53 6.612E+08 6.671E-01
  668 13 32 113020.79 6.418E+08 8.958E-01
  669 18 22 113035.71 6.583E+08 7.196E-01
  670 23  7 113045.96 6.577E+08 6.675E-01
  671 19 20 113115.56 6.573E+08 7.072E-01
  672 21 15 113152.74 6.584E+08 6.791E-01
  673 23  8 113173.34 6.553E+08 6.719E-01
  674 22 12 113176.38 6.580E+08 6.746E-01
  675 20 18 113230.24 6.582E+08 6.926E-01
  676 24  0 113240.01 6.446E+08 6.795E-01
  677 24  1 113256.15 6.451E+08 6.800E-01
  678 16 27 113280.93 6.472E+08 7.748E-01
  679 24  2 113288.16 6.451E+08 6.807E-01
  680 17 25 113290.54 6.579E+08 7.371E-01
  681 15 29 113291.69 6.431E+08 8.031E-01
  682 23  9 113315.16 6.554E+08 6.721E-01
  683 14 31 113321.56 6.369E+08 8.490E-01
  684 18 23 113334.42 7.607E+08 4.517E-01
  685 24  3 113336.17 6.451E+08 6.811E-01
  686 22 13 113374.16 6.645E+08 6.500E-01
  687 21 16 113386.75 6.727E+08 6.414E-01
  688 24  4 113400.18 6.456E+08 6.801E-01
  689 19 21 113407.53 8.112E+08 3.521E-01
  690 20 19 113460.90 7.394E+08 4.669E-01
  691 23 10 113473.23 6.663E+08 6.430E-01
  692 24  5 113480.35 6.476E+08 6.750E-01
  693 24  6 113577.75 6.568E+08 6.524E-01
  694 21 17 113595.12 6.710E+08 6.203E-01
  695 17 26 113597.97 6.398E+08 7.643E-01
  696 16 28 113599.33 6.368E+08 7.764E-01
  697 22 14 113614.93 8.278E+08 3.181E-01
  698 18 24 113618.89 6.408E+08 7.393E-01
  699 15 30 113620.35 6.317E+08 8.079E-01
  700 14 32 113659.17 6.247E+08 8.951E-01
  701 19 22 113664.80 6.406E+08 7.315E-01
  702 23 11 113669.17 7.927E+08 3.783E-01
  703 24  7 113700.15 7.154E+08 5.285E-01
  704 20 20 113739.08 6.396E+08 7.158E-01
  705 22 15 113764.82 6.485E+08 6.678E-01
  706 24  8 113764.47 7.244E+08 4.803E-01
  707 23 12 113780.33 6.627E+08 6.289E-01
  708 21 18 113845.88 6.376E+08 7.074E-01
  709 25  0 113859.04 6.293E+08 6.944E-01
  710 25  1 113871.06 6.618E+08 6.151E-01
  711 25  2 113900.31 6.518E+08 6.370E-01
  712 17 27 113905.22 6.303E+08 7.833E-01
  713 18 25 113913.84 6.324E+08 7.707E-01
  714 24  9 113916.26 6.496E+08 6.584E-01
  715 16 29 113917.26 6.262E+08 8.138E-01
  716 19 23 113945.99 6.327E+08 7.368E-01
  717 25  3 113945.75 6.427E+08 6.612E-01
  718 15 31 113947.94 6.203E+08 8.547E-01
  719 23 13 113975.02 6.380E+08 6.840E-01
  720 22 16 113989.37 6.349E+08 7.021E-01
  721 20 21 114004.85 6.322E+08 7.232E-01
  722 25  4 114006.62 6.369E+08 6.759E-01
  723 24 10 114067.74 6.363E+08 6.871E-01
  724 25  5 114082.40 6.327E+08 6.912E-01
  725 21 19 114094.07 6.314E+08 7.149E-01
  726 25  6 114172.64 6.302E+08 6.979E-01
  727 23 14 114173.21 6.327E+08 6.953E-01
  728 18 26 114209.86 6.252E+08 7.674E-01
  729 17 28 114212.52 6.208E+08 7.855E-01
  730 22 17 114217.75 6.316E+08 7.050E-01
  731 24 11 114228.54 6.323E+08 6.900E-01
  732 19 24 114229.25 6.273E+08 7.433E-01
  733 16 30 114234.61 6.160E+08 8.186E-01
  734 15 32 114274.05 6.092E+08 8.948E-01
  735 20 22 114274.07 6.303E+08 7.340E-01
  736 25  7 114276.96 6.286E+08 7.022E-01
  737 21 20 114348.43 6.378E+08 7.108E-01
  738 23 15 114380.62 6.373E+08 6.804E-01
  739 25  8 114395.12 6.289E+08 6.971E-01
  740 24 12 114400.79 6.351E+08 6.782E-01
  741 26  0 114452.93 6.164E+08 7.159E-01
  742 22 18 114459.24 6.692E+08 6.547E-01
  743 26  1 114467.92 6.172E+08 7.163E-01
  744 26  2 114497.64 6.176E+08 7.168E-01
  745 18 27 114505.81 6.152E+08 7.928E-01
  746 19 25 114512.22 6.175E+08 7.759E-01
  747 17 29 114519.23 6.112E+08 8.241E-01
  748 25  9 114527.85 6.355E+08 6.746E-01
  749 20 23 114540.68 6.195E+08 7.454E-01
  750 26  3 114542.24 6.186E+08 7.165E-01
  751 16 31 114550.77 6.056E+08 8.605E-01
  752 24 13 114592.87 6.835E+08 5.662E-01
  753 21 21 114593.82 6.224E+08 7.193E-01
  754 26  4 114601.87 6.209E+08 7.106E-01
  755 23 16 114629.96 8.299E+08 4.103E-01
  756 22 19 114675.81 6.235E+08 7.017E-01
  757 26  5 114677.18 6.283E+08 6.907E-01
  758 25 10 114682.49 6.869E+08 5.544E-01
  759 24 14 114735.06 6.601E+08 5.970E-01
  760 26  6 114772.02 6.645E+08 6.039E-01
  761 25 11 114778.11 6.946E+08 5.331E-01
  762 23 17 114791.18 6.213E+08 6.992E-01
  763 19 26 114797.32 6.097E+08 7.788E-01
  764 18 28 114801.96 6.067E+08 7.962E-01
  765 26  7 114811.42 7.870E+08 3.905E-01
  766 20 24 114813.72 6.113E+08 7.588E-01
  767 17 30 114825.20 6.020E+08 8.289E-01
  768 21 22 114853.81 6.117E+08 7.593E-01
  769 16 32 114865.34 5.954E+08 8.953E-01
  770 22 20 114920.64 6.118E+08 7.510E-01
  771 24 15 114943.18 6.176E+08 7.035E-01
  772 26  8 114949.45 6.432E+08 6.533E-01
  773 25 12 114958.28 6.243E+08 6.830E-01
  774 23 18 115017.71 6.119E+08 7.504E-01
  775 27  0 115021.05 6.069E+08 7.329E-01
  776 27  1 115034.24 6.115E+08 7.233E-01
  777 27  2 115061.21 6.138E+08 7.175E-01
  778 26  9 115079.32 6.206E+08 6.990E-01
  779 19 27 115082.52 6.024E+08 8.050E-01
  780 20 25 115087.26 6.051E+08 7.876E-01
  781 18 29 115097.33 5.984E+08 8.340E-01
  782 27  3 115102.51 6.133E+08 7.242E-01
  783 21 23 115114.29 6.070E+08 7.600E-01
  784 17 31 115129.84 5.926E+08 8.668E-01
  785 25 13 115133.92 6.151E+08 7.072E-01
  786 24 16 115148.57 6.126E+08 7.515E-01
  787 27  4 115157.97 6.127E+08 7.266E-01
  788 22 21 115166.56 6.088E+08 7.475E-01
  789 26 10 115216.97 6.153E+08 7.070E-01
  790 27  5 115227.24 6.114E+08 7.285E-01
  791 23 19 115247.46 6.121E+08 7.404E-01
  792 27  6 115309.91 6.113E+08 7.270E-01
  793 25 14 115316.55 6.162E+08 7.451E-01
  794 20 26 115360.44 5.984E+08 7.826E-01
  795 24 17 115361.06 6.212E+08 7.291E-01
  796 26 11 115364.83 6.164E+08 7.052E-01
  797 19 28 115367.21 5.949E+08 8.075E-01
  798 21 24 115372.47 6.074E+08 7.512E-01
  799 18 30 115391.76 5.900E+08 8.386E-01
  800 22 22 115401.81 6.579E+08 6.758E-01
  801 27  7 115405.67 6.123E+08 7.211E-01
  802 17 32 115432.71 5.837E+08 8.970E-01
  803 23 20 115455.47 6.988E+08 6.764E-01
  804 25 15 115514.06 6.572E+08 6.689E-01
  805 27  8 115514.61 6.171E+08 7.080E-01
  806 26 12 115525.83 6.342E+08 7.121E-01
  807 24 18 115546.13 6.706E+08 7.324E-01
  808 28  0 115562.40 6.025E+08 7.532E-01
  809 28  1 115576.16 6.037E+08 7.525E-01
  810 28  2 115603.43 6.049E+08 7.499E-01
  811 26 13 115621.69 7.991E+08 3.639E-01
  812 20 27 115634.42 5.918E+08 8.169E-01
  813 21 25 115636.48 5.946E+08 7.939E-01
  814 27  9 115639.05 6.391E+08 6.656E-01
  815 28  3 115644.41 6.072E+08 7.431E-01
  816 19 29 115651.00 5.879E+08 8.438E-01
  817 22 23 115659.47 5.968E+08 7.746E-01
  818 25 16 115672.55 6.365E+08 7.644E-01
  819 18 31 115684.63 5.822E+08 8.739E-01
  820 28  4 115699.44 6.134E+08 7.286E-01
  821 23 21 115705.87 5.992E+08 7.667E-01
  822 28  5 115770.10 6.334E+08 6.884E-01
  823 24 19 115778.74 6.018E+08 7.660E-01
  824 27 10 115802.45 8.099E+08 4.613E-01
  825 26 14 115832.99 6.193E+08 7.718E-01
  826 28  6 115867.17 7.482E+08 5.116E-01
  827 27 11 115872.86 6.367E+08 6.653E-01
  828 25 17 115881.39 6.046E+08 7.706E-01
  829 21 26 115899.04 5.901E+08 7.956E-01
  830 20 28 115907.58 5.861E+08 8.206E-01
  831 28  7 115907.08 6.754E+08 6.293E-01
  832 22 24 115910.22 5.931E+08 7.809E-01
  833 19 30 115933.57 5.809E+08 8.486E-01
  834 23 22 115943.52 5.960E+08 7.922E-01
  835 18 32 115975.49 5.744E+08 9.004E-01
  836 24 20 116001.60 5.995E+08 7.798E-01
  837 26 15 116016.71 6.080E+08 7.730E-01
  838 28  8 116018.07 6.253E+08 7.117E-01
  839 27 12 116027.96 6.144E+08 7.694E-01
  840 29  0 116075.40 6.053E+08 7.722E-01
  841 25 18 116087.37 6.043E+08 7.705E-01
  842 29  1 116087.63 6.084E+08 7.689E-01
  843 29  2 116112.23 6.107E+08 7.652E-01
  844 28  9 116133.47 6.167E+08 7.354E-01
  845 29  3 116149.58 6.117E+08 7.638E-01
  846 22 25 116152.50 7.097E+08 6.266E-01
  847 21 27 116160.53 5.864E+08 8.304E-01
  848 20 29 116179.28 5.810E+08 8.537E-01
  849 23 23 116185.63 6.236E+08 7.648E-01
  850 27 13 116186.53 6.138E+08 7.698E-01
  851 29  4 116199.60 6.130E+08 7.610E-01
  852 26 16 116203.74 6.120E+08 7.679E-01
  853 19 31 116214.26 5.751E+08 8.819E-01
  854 24 21 116229.93 6.234E+08 7.578E-01
  855 28 10 116257.60 6.172E+08 7.654E-01
  856 29  5 116262.02 6.138E+08 7.591E-01
  857 25 19 116302.15 6.417E+08 7.346E-01
  858 29  6 116336.50 6.161E+08 7.586E-01
  859 27 14 116353.71 6.278E+08 7.665E-01
  860 28 11 116391.88 6.261E+08 7.588E-01
  861 26 17 116407.53 6.933E+08 7.046E-01
  862 22 26 116410.44 5.875E+08 8.061E-01
  863 23 24 116417.64 5.924E+08 7.965E-01
  864 21 28 116421.64 5.824E+08 8.345E-01
  865 29  7 116422.80 6.203E+08 7.675E-01
  866 24 22 116444.96 5.987E+08 8.072E-01
  867 20 30 116449.46 5.765E+08 8.590E-01
  868 27 15 116461.28 8.177E+08 7.202E-01
  869 19 32 116492.59 5.696E+08 9.054E-01
  870 25 20 116494.75 6.076E+08 7.969E-01
  871 29  8 116521.40 6.311E+08 7.615E-01
  872 28 12 116543.29 6.825E+08 7.544E-01
  873 30  0 116557.47 6.130E+08 7.931E-01
  874 28 15 116560.37 8.344E+08 6.692E-01
  875 30  1 116569.77 6.147E+08 7.924E-01
  876 26 18 116570.44 6.161E+08 7.935E-01
  877 30  2 116594.14 6.167E+08 7.900E-01
  878 30  3 116630.80 6.200E+08 7.884E-01
  879 29  9 116637.26 6.819E+08 7.450E-01
  880 28 13 116644.15 6.764E+08 7.787E-01
  881 23 25 116656.52 5.920E+08 8.196E-01
  882 22 27 116660.00 5.865E+08 8.438E-01
  883 24 23 116672.36 5.972E+08 8.151E-01
  884 27 16 116675.29 6.213E+08 7.984E-01
  885 21 29 116680.74 5.803E+08 8.664E-01
  886 30  4 116680.21 6.302E+08 7.834E-01
  887 29 10 116700.22 7.292E+08 7.515E-01
  888 25 21 116709.60 6.027E+08 8.074E-01
  889 20 31 116717.31 5.735E+08 8.917E-01
  890 30  5 116744.90 6.675E+08 7.651E-01
  891 30  6 116766.06 8.255E+08 5.637E-01
  892 26 19 116770.55 6.089E+08 8.006E-01
  893 28 14 116810.77 6.251E+08 8.053E-01
  894 29 11 116841.80 6.384E+08 7.924E-01
  895 27 17 116857.52 6.162E+08 7.994E-01
  896 30  7 116867.40 6.648E+08 7.687E-01
  897 23 26 116896.51 6.254E+08 7.869E-01
  898 24 24 116899.42 6.044E+08 8.192E-01
  899 22 28 116907.49 5.870E+08 8.499E-01
  900 25 22 116923.82 6.097E+08 8.239E-01
  901 21 30 116937.62 5.796E+08 8.709E-01
  902 30  8 116961.89 6.391E+08 7.925E-01
  903 26 20 116970.55 6.171E+08 8.201E-01
  904 29 15 116972.34 6.248E+08 8.031E-01
  905 29 12 116976.47 6.305E+08 8.105E-01
  906 20 32 116982.29 5.717E+08 9.123E-01
  907 31  0 117004.60 6.247E+08 8.148E-01
  908 31  1 117015.29 6.281E+08 8.113E-01
  909 31  2 117036.73 6.308E+08 8.085E-01
  910 27 18 117041.72 6.274E+08 8.126E-01
  911 30  9 117062.28 6.361E+08 8.147E-01
  912 31  3 117069.20 6.331E+08 8.098E-01
  913 31  4 117112.58 6.349E+08 8.113E-01
  914 29 13 117115.87 6.366E+08 8.068E-01
  915 24 25 117121.40 6.011E+08 8.379E-01
  916 23 27 117129.19 5.943E+08 8.606E-01
  917 25 23 117130.36 6.123E+08 8.315E-01
  918 28 16 117139.43 6.439E+08 8.076E-01
  919 22 29 117152.88 5.872E+08 8.791E-01
  920 26 21 117155.87 6.432E+08 8.120E-01
  921 31  5 117166.55 6.362E+08 8.205E-01
  922 30 10 117170.43 6.407E+08 8.155E-01
  923 21 31 117191.57 5.796E+08 9.029E-01
  924 27 19 117200.98 6.884E+08 7.979E-01
  925 31  6 117230.74 6.412E+08 8.225E-01
  926 29 14 117266.30 6.799E+08 8.059E-01
  927 28 17 117274.32 6.991E+08 8.093E-01
  928 30 11 117287.92 6.588E+08 8.043E-01
  929 31  7 117304.90 6.481E+08 8.236E-01
  930 25 24 117343.85 6.096E+08 8.431E-01
  931 24 26 117344.83 6.033E+08 8.430E-01
  932 26 22 117361.02 6.163E+08 8.482E-01
  933 23 28 117362.45 5.969E+08 8.669E-01
  934 30 15 117377.89 6.824E+08 8.275E-01
  935 31  8 117389.67 6.653E+08 8.148E-01
  936 22 30 117395.14 5.898E+08 8.861E-01
  937 27 20 117397.94 6.244E+08 8.456E-01
  938 32  0 117410.71 6.437E+08 8.401E-01
  939 32  1 117421.04 6.463E+08 8.403E-01
  940 30 12 117431.10 8.013E+08 8.013E-01
  941 21 32 117441.82 5.815E+08 9.213E-01
  942 32  2 117441.46 6.491E+08 8.399E-01
  943 28 18 117456.32 6.339E+08 8.422E-01
  944 32  3 117472.12 6.544E+08 8.393E-01
  945 31  9 117492.94 7.559E+08 8.042E-01
  946 30 13 117507.41 6.692E+08 8.400E-01
  947 32  4 117513.37 6.656E+08 8.328E-01
  948 29 16 117537.56 6.448E+08 8.442E-01
  949 31 10 117546.83 7.093E+08 8.384E-01
  950 25 25 117553.81 6.165E+08 8.486E-01
  951 26 23 117559.03 6.229E+08 8.518E-01
  952 24 27 117566.91 6.372E+08 8.540E-01
  953 32  5 117567.66 7.066E+08 8.288E-01
  954 27 21 117582.74 6.309E+08 8.526E-01
  955 32  6 117589.45 8.171E+08 7.981E-01
  956 23 29 117591.83 6.005E+08 8.937E-01
  957 28 19 117626.21 6.406E+08 8.503E-01
  958 22 31 117633.31 5.925E+08 9.157E-01
  959 30 14 117641.88 6.572E+08 8.526E-01
  960 31 11 117658.01 6.700E+08 8.485E-01
  961 32  7 117668.51 6.954E+08 8.463E-01
  962 29 17 117690.40 6.526E+08 8.508E-01
  963 32  8 117744.07 6.810E+08 8.552E-01
  964 27 22 117745.57 7.558E+08 8.350E-01
  965 26 24 117749.05 6.342E+08 8.648E-01
  966 25 26 117757.96 6.196E+08 8.654E-01
  967 33  0 117766.32 6.726E+08 8.704E-01
  968 31 12 117767.24 6.729E+08 8.643E-01
  969 33  1 117774.69 6.777E+08 8.691E-01
  970 31 15 117775.46 6.686E+08 8.569E-01
  971 24 28 117780.65 6.120E+08 8.853E-01
  972 33  2 117791.48 6.813E+08 8.683E-01
  973 28 20 117806.33 7.493E+08 8.310E-01
  974 33  3 117816.81 6.826E+08 8.701E-01
  975 23 30 117817.04 6.046E+08 9.002E-01
  976 32  9 117823.84 6.842E+08 8.667E-01
  977 33  4 117850.42 6.893E+08 8.728E-01
  978 29 18 117852.57 7.378E+08 8.434E-01
  979 22 32 117866.51 5.963E+08 9.315E-01
  980 31 13 117880.02 6.919E+08 8.672E-01
  981 33  5 117891.81 6.962E+08 8.793E-01
  982 32 10 117908.68 6.965E+08 8.784E-01
  983 30 16 117922.46 7.767E+08 8.409E-01
  984 27 23 117938.07 6.444E+08 8.790E-01
  985 33  6 117940.38 7.022E+08 8.822E-01
  986 26 25 117941.32 6.353E+08 8.774E-01
  987 28 21 117950.40 6.555E+08 8.799E-01
  988 25 27 117959.43 6.257E+08 8.975E-01
  989 29 19 117978.98 6.700E+08 8.794E-01
  990 24 29 117991.38 6.200E+08 9.091E-01
  991 33  7 117995.60 7.149E+08 8.917E-01
  992 32 11 118001.21 7.395E+08 8.745E-01
  993 31 14 118017.70 8.755E+08 8.367E-01
  994 30 17 118024.35 6.877E+08 8.832E-01
  995 23 31 118036.82 6.510E+08 8.526E-01
  996 34  0 118055.36 7.216E+08 9.080E-01
  997 33  8 118058.26 7.461E+08 8.880E-01
  998 32 12 118060.03 7.724E+08 8.924E-01
  999 34  1 118062.46 7.272E+08 9.088E-01
 1000 34  2 118076.42 7.316E+08 9.090E-01
 1001 32 15 118085.86 7.071E+08 8.948E-01
 1002 33  9 118087.36 8.713E+08 8.654E-01
 1003 34  3 118097.18 7.356E+08 9.105E-01
 1004 27 24 118111.54 6.573E+08 8.891E-01
 1005 28 22 118111.23 6.679E+08 8.941E-01
 1006 34  4 118124.89 7.589E+08 9.057E-01
 1007 29 20 118125.70 6.807E+08 8.995E-01
 1008 26 26 118126.40 6.496E+08 8.817E-01
 1009 25 28 118153.37 6.426E+08 9.005E-01
 1010 30 18 118154.67 6.977E+08 9.037E-01
 1011 32 13 118159.76 7.316E+08 9.114E-01
 1012 34  5 118163.24 8.571E+08 9.053E-01
 1013 33 10 118170.13 7.571E+08 9.204E-01
 1014 34  6 118181.21 8.017E+08 9.087E-01
 1015 24 30 118195.27 6.291E+08 9.176E-01
 1016 31 16 118196.69 7.215E+08 9.105E-01
 1017 34  7 118223.80 7.861E+08 9.359E-01
 1018 33 11 118237.86 7.691E+08 9.313E-01
 1019 23 32 118248.57 6.199E+08 9.435E-01
 1020 32 14 118248.18 7.535E+08 9.231E-01
 1021 35  0 118253.10 8.027E+08 9.530E-01
 1022 28 23 118254.49 7.309E+08 8.904E-01
 1023 35  1 118257.40 8.160E+08 9.540E-01
 1024 34  8 118265.46 8.024E+08 9.453E-01
 1025 35  2 118265.77 8.223E+08 9.554E-01
 1026 29 21 118271.65 7.653E+08 8.789E-01
 1027 27 25 118274.34 6.732E+08 9.074E-01
 1028 35  3 118277.89 8.328E+08 9.596E-01
 1029 30 19 118281.15 7.527E+08 9.030E-01
 1030 35  4 118293.09 8.443E+08 9.638E-01
 1031 26 27 118301.52 6.504E+08 9.194E-01
 1032 33 12 118302.01 8.028E+08 9.413E-01
 1033 31 17 118304.39 7.803E+08 9.111E-01
 1034 34  9 118306.41 8.308E+08 9.562E-01
 1035 35  5 118310.44 8.609E+08 9.703E-01
 1036 35  6 118328.97 8.915E+08 9.755E-01
 1037 35  7 118336.49 9.470E+08 9.488E-01
 1038 33 15 118337.07 8.429E+08 9.139E-01
 1039 33 13 118338.76 8.969E+08 9.237E-01
 1040 36  0 118338.89 6.779E+08 9.829E-01
 1041 36  1 118338.48 8.528E+08 9.823E-01
 1042 25 29 118340.16 6.510E+08 9.287E-01
 1043 36  2 118342.26 9.628E+08 9.871E-01
 1044 34 10 118347.42 9.035E+08 9.563E-01
 1045 36  3 118347.21 1.002E+09 9.906E-01
 1046 36  4 118353.14 1.034E+09 9.923E-01
 1047 36  7 118355.04 9.708E+08 9.418E-01
 1048 35  8 118359.72 9.771E+08 9.895E-01
 1049 36  5 118359.72 1.063E+09 9.947E-01
 1050 37  0 118363.60 9.762E+08 9.953E-01
 1051 37  1 118364.71 1.091E+09 9.945E-01
 1052 36  6 118366.58 1.088E+09 9.954E-01
 1053 37  2 118366.06 1.100E+09 9.836E-01
 1054 34 11 118369.09 9.224E+08 9.810E-01
 1055 37  3 118369.30 1.099E+09 9.958E-01
 1056 35  9 118372.85 1.048E+09 9.943E-01
 1057 37  4 118373.78 8.976E+08 9.941E-01
 1058 37  7 118374.37 1.101E+09 9.909E-01
#----------------------------------------
# Filtered by JLB - 19 X 2020
# Original data from Abgrall and Roueff
# Levels energies computed from X levels and UV transitions energies as found in B_transitions.dat
# Available from SESAM database, as described in Roueff et al. (2020), 8, 36

