#209       # Number of transitions
#K         # Unit energy transitions
#   n     nu     nl                E(K)        Aij(s-1)               quant:    Nu     Ju  Fu+0.5     Nl    Jl  Fl+0.5            Description
#---data-------------------------------------------------------------------------------------------------------------------------------------------
    1      3      2         43.62729130     5.2270000E-03             quant:      1;     0;     1;     0;     1;     1; info:      909.04520000 GHz
    2      3      1         43.63274324     1.0490000E-02             quant:      1;     0;     1;     0;     1;     2; info:      909.15880000 GHz
    3      4      1         46.63922923     1.8230000E-02             quant:      1;     2;     3;     0;     1;     2; info:      971.80380000 GHz
    4      5      2         46.63930122     1.5190000E-02             quant:      1;     2;     2;     0;     1;     1; info:      971.80530000 GHz
    5      5      1         46.64476756     3.0440000E-03             quant:      1;     2;     2;     0;     1;     2; info:      971.91920000 GHz
    6      6      2         49.57608401     1.4100000E-02             quant:      1;     1;     1;     0;     1;     1; info:     1032.99792090 GHz
    7      7      2         49.57639496     3.5270000E-03             quant:      1;     1;     2;     0;     1;     1; info:     1033.00440000 GHz
    8      6      1         49.58155047     7.0310000E-03             quant:      1;     1;     1;     0;     1;     2; info:     1033.11182350 GHz
    9      7      1         49.58187569     1.7600000E-02             quant:      1;     1;     2;     0;     1;     2; info:     1033.11860000 GHz
   10      8      7         90.80679776     2.3600000E-02             quant:      2;     1;     1;     1;     1;     2; info:     1892.10655020 GHz
   11      8      6         90.80711500     4.7130000E-02             quant:      2;     1;     1;     1;     1;     1; info:     1892.11316050 GHz
   12      9      7         90.81258170     5.9080000E-02             quant:      2;     1;     2;     1;     1;     2; info:     1892.22706810 GHz
   13      9      6         90.81289895     1.1800000E-02             quant:      2;     1;     2;     1;     1;     1; info:     1892.23367840 GHz
   14      8      5         93.74389906     4.4110000E-03             quant:      2;     1;     1;     1;     2;     2; info:     1953.30580780 GHz
   15      9      5         93.74968300     4.3020000E-04             quant:      2;     1;     2;     1;     2;     2; info:     1953.42632570 GHz
   16      9      4         93.75520176     3.9700000E-03             quant:      2;     1;     2;     1;     2;     3; info:     1953.54131790 GHz
   17     10      4         94.04405341     1.7860000E-01             quant:      2;     3;     4;     1;     2;     3; info:     1959.56000940 GHz
   18     11      5         94.04407422     1.6670000E-01             quant:      2;     3;     3;     1;     2;     2; info:     1959.56044290 GHz
   19     11      4         94.04959298     1.1920000E-02             quant:      2;     3;     3;     1;     2;     3; info:     1959.67543520 GHz
   20     12      7         94.42683815     2.2480000E-02             quant:      2;     2;     2;     1;     1;     2; info:     1967.53594870 GHz
   21     13      7         94.42701420     1.3540000E-01             quant:      2;     2;     3;     1;     1;     2; info:     1967.53961700 GHz
   22     12      6         94.42715539     1.1280000E-01             quant:      2;     2;     2;     1;     1;     1; info:     1967.54255900 GHz
   23      8      3         96.75591835     1.0480000E-01             quant:      2;     1;     1;     1;     0;     1; info:     2016.06610300 GHz
   24      9      3         96.76170230     1.0470000E-01             quant:      2;     1;     2;     1;     0;     1; info:     2016.18662090 GHz
   25     12      5         97.36393945     4.3620000E-02             quant:      2;     2;     2;     1;     2;     2; info:     2028.73520630 GHz
   26     13      5         97.36411550     3.2320000E-03             quant:      2;     2;     3;     1;     2;     2; info:     2028.73887460 GHz
   27     12      4         97.36945821     4.8360000E-03             quant:      2;     2;     2;     1;     2;     3; info:     2028.85019860 GHz
   28     13      4         97.36963426     4.5180000E-02             quant:      2;     2;     3;     1;     2;     3; info:     2028.85386690 GHz
   29     16     13        138.46111200     9.7780000E-03             quant:      3;     2;     2;     2;     2;     3; info:     2885.06128880 GHz
   30     16     12        138.46128805     8.7910000E-02             quant:      3;     2;     2;     2;     2;     2; info:     2885.06495710 GHz
   31     17     13        138.46680681     9.1410000E-02             quant:      3;     2;     3;     2;     2;     3; info:     2885.17994930 GHz
   32     17     12        138.46698285     6.5170000E-03             quant:      3;     2;     3;     2;     2;     2; info:     2885.18361750 GHz
   33     14     10        141.16632594     6.4650000E-01             quant:      3;     4;     5;     2;     3;     4; info:     2941.42879800 GHz
   34     15     11        141.16633768     6.2330000E-01             quant:      3;     4;     4;     2;     3;     3; info:     2941.42904260 GHz
   35     15     10        141.17187724     2.3120000E-02             quant:      3;     4;     4;     2;     3;     4; info:     2941.54446840 GHz
   36     18     13        141.47473152     3.8410000E-02             quant:      3;     3;     3;     2;     2;     3; info:     2947.85492720 GHz
   37     19     13        141.47485449     5.7810000E-01             quant:      3;     3;     4;     2;     2;     3; info:     2947.85748950 GHz
   38     18     12        141.47490757     5.3970000E-01             quant:      3;     3;     3;     2;     2;     2; info:     2947.85859550 GHz
   39     16     11        141.78115328     2.5760000E-03             quant:      3;     2;     2;     2;     3;     3; info:     2954.23972050 GHz
   40     17     11        141.78684809     1.1520000E-04             quant:      3;     2;     3;     2;     3;     3; info:     2954.35838100 GHz
   41     17     10        141.79238765     2.4540000E-03             quant:      3;     2;     3;     2;     3;     4; info:     2954.47380670 GHz
   42     16      9        142.07554450     9.2030000E-02             quant:      3;     2;     2;     2;     1;     2; info:     2960.37383770 GHz
   43     17      9        142.08123930     5.5120000E-01             quant:      3;     2;     3;     2;     1;     2; info:     2960.49249820 GHz
   44     16      8        142.08132844     4.5940000E-01             quant:      3;     2;     2;     2;     1;     1; info:     2960.49435560 GHz
   45     18     11        144.79477280     7.2640000E-02             quant:      3;     3;     3;     2;     3;     3; info:     3017.03335890 GHz
   46     19     11        144.79489577     2.7240000E-03             quant:      3;     3;     4;     2;     3;     3; info:     3017.03592120 GHz
   47     18     10        144.80031236     3.6250000E-03             quant:      3;     3;     3;     2;     3;     4; info:     3017.14878460 GHz
   48     19     10        144.80043533     7.3480000E-02             quant:      3;     3;     4;     2;     3;     4; info:     3017.15134690 GHz
   49     22     19        185.69195179     5.9570000E-03             quant:      4;     3;     3;     3;     3;     4; info:     3869.19225200 GHz
   50     22     18        185.69207477     1.1910000E-01             quant:      4;     3;     3;     3;     3;     3; info:     3869.19481430 GHz
   51     23     19        185.69761426     1.2080000E-01             quant:      4;     3;     4;     3;     3;     4; info:     3869.31023860 GHz
   52     23     18        185.69773723     4.4620000E-03             quant:      4;     3;     4;     3;     3;     3; info:     3869.31280090 GHz
   53     20     14        188.04994024     1.5840000E+00             quant:      4;     5;     6;     3;     4;     5; info:     3918.32475640 GHz
   54     21     15        188.04994786     1.5490000E+00             quant:      4;     5;     5;     3;     4;     4; info:     3918.32491520 GHz
   55     21     14        188.05549917     3.5260000E-02             quant:      4;     5;     5;     3;     4;     5; info:     3918.44058560 GHz
   56     24     19        188.32414343     5.3070000E-02             quant:      4;     4;     4;     3;     3;     4; info:     3924.03822340 GHz
   57     25     19        188.32423800     1.4910000E+00             quant:      4;     4;     5;     3;     3;     4; info:     3924.04019390 GHz
   58     24     18        188.32426640     1.4380000E+00             quant:      4;     4;     4;     3;     3;     3; info:     3924.04078570 GHz
   59     22     17        188.69999947     9.8040000E-02             quant:      4;     3;     3;     3;     2;     3; info:     3931.86979220 GHz
   60     23     17        188.70566194     1.4680000E+00             quant:      4;     3;     4;     3;     2;     3; info:     3931.98777890 GHz
   61     22     16        188.70569427     1.3700000E+00             quant:      4;     3;     3;     3;     2;     2; info:     3931.98845260 GHz
   62     22     15        189.32050988     1.8170000E-03             quant:      4;     3;     3;     3;     4;     4; info:     3944.79913050 GHz
   63     23     15        189.32617235     4.4760000E-05             quant:      4;     3;     4;     3;     4;     4; info:     3944.91711720 GHz
   64     23     14        189.33172365     1.7670000E-03             quant:      4;     3;     4;     3;     4;     5; info:     3945.03278750 GHz
   65     24     15        191.95270152     1.0110000E-01             quant:      4;     4;     4;     3;     4;     4; info:     3999.64510200 GHz
   66     25     15        191.95279609     2.3090000E-03             quant:      4;     4;     5;     3;     4;     4; info:     3999.64707240 GHz
   67     24     14        191.95825282     2.8830000E-03             quant:      4;     4;     4;     3;     4;     5; info:     3999.76077230 GHz
   68     25     14        191.95834739     1.0160000E-01             quant:      4;     4;     5;     3;     4;     5; info:     3999.76274280 GHz
   69     28     25        232.58387010     4.2270000E-03             quant:      5;     4;     4;     4;     4;     5; info:     4846.26123770 GHz
   70     28     24        232.58396467     1.4780000E-01             quant:      5;     4;     4;     4;     4;     4; info:     4846.26320810 GHz
   71     29     25        232.58951586     1.4910000E-01             quant:      5;     4;     5;     4;     4;     5; info:     4846.37887630 GHz
   72     29     24        232.58961043     3.3690000E-03             quant:      5;     4;     5;     4;     4;     4; info:     4846.38084670 GHz
   73     26     20        234.65436622     3.1480000E+00             quant:      5;     6;     7;     4;     5;     6; info:     4889.40337420 GHz
   74     27     21        234.65437159     3.1000000E+00             quant:      5;     6;     6;     4;     5;     5; info:     4889.40348610 GHz
   75     27     20        234.65993051     4.7760000E-02             quant:      5;     6;     6;     4;     5;     6; info:     4889.51931530 GHz
   76     30     25        234.90960704     6.7100000E-02             quant:      5;     5;     5;     4;     4;     5; info:     4894.72172970 GHz
   77     31     25        234.90968376     3.0310000E+00             quant:      5;     5;     6;     4;     4;     5; info:     4894.72332830 GHz
   78     30     24        234.90970160     2.9640000E+00             quant:      5;     5;     5;     4;     4;     4; info:     4894.72370010 GHz
   79     28     23        235.21049384     1.0780000E-01             quant:      5;     4;     4;     4;     3;     4; info:     4900.99119290 GHz
   80     29     23        235.21613960     3.0120000E+00             quant:      5;     4;     5;     4;     3;     4; info:     4901.10883150 GHz
   81     28     22        235.21615630     2.9050000E+00             quant:      5;     4;     4;     4;     3;     3; info:     4901.10917960 GHz
   82     28     21        236.48671832     1.3990000E-03             quant:      5;     4;     4;     4;     5;     5; info:     4927.58339490 GHz
   83     29     21        236.49236408     2.0780000E-05             quant:      5;     4;     5;     4;     5;     5; info:     4927.70103350 GHz
   84     29     20        236.49792301     1.3750000E-03             quant:      5;     4;     5;     4;     5;     6; info:     4927.81686270 GHz
   85     30     21        238.81245526     1.2900000E-01             quant:      5;     5;     5;     4;     5;     5; info:     4976.04388690 GHz
   86     31     21        238.81253198     1.9880000E-03             quant:      5;     5;     6;     4;     5;     5; info:     4976.04548550 GHz
   87     30     20        238.81801419     2.3830000E-03             quant:      5;     5;     5;     4;     5;     6; info:     4976.15971610 GHz
   88     31     20        238.81809091     1.2920000E-01             quant:      5;     5;     6;     4;     5;     6; info:     4976.16131470 GHz
   89     34     31        279.11216643     3.2510000E-03             quant:      6;     5;     5;     5;     5;     6; info:     5815.75357110 GHz
   90     34     30        279.11224315     1.7530000E-01             quant:      6;     5;     5;     5;     5;     5; info:     5815.75516980 GHz
   91     35     31        279.11780193     1.7640000E-01             quant:      6;     5;     6;     5;     5;     6; info:     5815.87099590 GHz
   92     35     30        279.11787865     2.6880000E-03             quant:      6;     5;     6;     5;     5;     5; info:     5815.87259460 GHz
   93     32     26        280.92295509     5.4840000E+00             quant:      6;     7;     8;     5;     6;     7; info:     5853.48428270 GHz
   94     33     27        280.92295909     5.4240000E+00             quant:      6;     7;     7;     5;     6;     6; info:     5853.48436590 GHz
   95     33     26        280.92852338     6.0340000E-02             quant:      6;     7;     7;     5;     6;     7; info:     5853.60030700 GHz
   96     36     31        281.16620768     8.0650000E-02             quant:      6;     6;     6;     5;     5;     6; info:     5858.55284390 GHz
   97     37     31        281.16627207     5.3450000E+00             quant:      6;     6;     7;     5;     5;     6; info:     5858.55418570 GHz
   98     36     30        281.16628440     5.2640000E+00             quant:      6;     6;     6;     5;     5;     5; info:     5858.55444260 GHz
   99     34     29        281.43233433     1.1870000E-01             quant:      6;     5;     5;     5;     4;     5; info:     5864.09802320 GHz
  100     35     29        281.43796983     5.3300000E+00             quant:      6;     5;     6;     5;     4;     5; info:     5864.21544800 GHz
  101     34     28        281.43798009     5.2120000E+00             quant:      6;     5;     5;     5;     4;     4; info:     5864.21566180 GHz
  102     16      2        282.46452745     2.5230000E-04             quant:      3;     2;     2;     0;     1;     1; info:     5885.60543700 GHz
  103     16      1        282.46999392     5.0590000E-05             quant:      3;     2;     2;     0;     1;     2; info:     5885.71933960 GHz
  104     17      1        282.47568872     3.0310000E-04             quant:      3;     2;     3;     0;     1;     2; info:     5885.83800010 GHz
  105     34     27        283.27032682     1.1340000E-03             quant:      6;     5;     5;     5;     6;     6; info:     5902.39557050 GHz
  106     35     26        283.28152662     1.1210000E-03             quant:      6;     5;     6;     5;     6;     7; info:     5902.62893640 GHz
  107     36     27        285.32436807     1.5620000E-01             quant:      6;     6;     6;     5;     6;     6; info:     5945.19484330 GHz
  108     37     27        285.32443247     1.7350000E-03             quant:      6;     6;     7;     5;     6;     6; info:     5945.19618510 GHz
  109     36     26        285.32993237     2.0240000E-03             quant:      6;     6;     6;     5;     6;     7; info:     5945.31078440 GHz
  110     37     26        285.32999676     1.5630000E-01             quant:      6;     6;     7;     5;     6;     7; info:     5945.31212620 GHz
  111     40     37        325.22788422     2.6240000E-03             quant:      7;     6;     6;     6;     6;     7; info:     6776.64916340 GHz
  112     40     36        325.22794862     2.0180000E-01             quant:      7;     6;     6;     6;     6;     6; info:     6776.65050520 GHz
  113     41     37        325.23351272     2.0290000E-01             quant:      7;     6;     7;     6;     6;     7; info:     6776.76644210 GHz
  114     41     36        325.23357711     2.2180000E-03             quant:      7;     6;     7;     6;     6;     6; info:     6776.76778390 GHz
  115     38     32        326.79489003     8.7280000E+00             quant:      7;     8;     9;     6;     7;     8; info:     6809.30026460 GHz
  116     39     33        326.79489312     8.6560000E+00             quant:      7;     8;     8;     6;     7;     7; info:     6809.30032900 GHz
  117     39     32        326.80046141     7.2830000E-02             quant:      7;     8;     8;     6;     7;     8; info:     6809.41635330 GHz
  118     42     37        327.02973455     9.3760000E-02             quant:      7;     7;     7;     6;     6;     7; info:     6814.19363010 GHz
  119     43     37        327.02978985     8.5690000E+00             quant:      7;     7;     8;     6;     6;     7; info:     6814.19478240 GHz
  120     42     36        327.02979894     8.4740000E+00             quant:      7;     7;     7;     6;     6;     6; info:     6814.19497190 GHz
  121     40     35        327.27635437     1.3000000E-01             quant:      7;     6;     6;     6;     5;     6; info:     6819.33235320 GHz
  122     41     35        327.28198286     8.5590000E+00             quant:      7;     6;     7;     6;     5;     6; info:     6819.44963190 GHz
  123     40     34        327.28198987     8.4290000E+00             quant:      7;     6;     6;     6;     5;     5; info:     6819.44977800 GHz
  124     40     33        329.62935761     9.5030000E-04             quant:      7;     6;     6;     6;     7;     7; info:     6868.36098260 GHz
  125     41     32        329.64055439     9.4300000E-04             quant:      7;     6;     7;     6;     7;     8; info:     6868.59428570 GHz
  126     42     33        331.43120793     1.8260000E-01             quant:      7;     7;     7;     6;     7;     7; info:     6905.90544930 GHz
  127     43     33        331.43126323     1.5330000E-03             quant:      7;     7;     8;     6;     7;     7; info:     6905.90660160 GHz
  128     42     32        331.43677622     1.7520000E-03             quant:      7;     7;     7;     6;     7;     8; info:     6906.02147360 GHz
  129     43     32        331.43683152     1.8270000E-01             quant:      7;     7;     8;     6;     7;     8; info:     6906.02262590 GHz
  130     46     43        370.87464168     2.1890000E-03             quant:      8;     7;     7;     7;     7;     8; info:     7727.77320820 GHz
  131     46     42        370.87469698     2.2730000E-01             quant:      8;     7;     7;     7;     7;     7; info:     7727.77436050 GHz
  132     47     43        370.88026500     2.2850000E-01             quant:      8;     7;     8;     7;     7;     8; info:     7727.89037910 GHz
  133     47     42        370.88032030     1.8690000E-03             quant:      8;     7;     8;     7;     7;     7; info:     7727.89153140 GHz
  134     44     38        372.20841315     1.3000000E+01             quant:      8;     9;    10;     7;     8;     9; info:     7755.56449470 GHz
  135     45     39        372.20841561     1.2920000E+01             quant:      8;     9;     9;     7;     8;     8; info:     7755.56454600 GHz
  136     45     38        372.21398700     8.5090000E-02             quant:      8;     9;     9;     7;     8;     9; info:     7755.68063480 GHz
  137     48     43        372.43682480     1.0640000E-01             quant:      8;     8;     8;     7;     7;     8; info:     7760.32382090 GHz
  138     49     43        372.43687304     1.2830000E+01             quant:      8;     8;     9;     7;     7;     8; info:     7760.32482610 GHz
  139     48     42        372.43688010     1.2720000E+01             quant:      8;     8;     8;     7;     7;     7; info:     7760.32497320 GHz
  140     46     41        372.67091881     1.4130000E-01             quant:      8;     7;     7;     7;     6;     7; info:     7765.20154850 GHz
  141     47     41        372.67654213     1.2820000E+01             quant:      8;     7;     8;     7;     6;     7; info:     7765.31871940 GHz
  142     46     40        372.67654730     1.2680000E+01             quant:      8;     7;     7;     7;     6;     6; info:     7765.31882720 GHz
  143     46     39        375.51101179     8.1480000E-04             quant:      8;     7;     7;     7;     8;     8; info:     7824.37948080 GHz
  144     47     38        375.52220649     8.1070000E-04             quant:      8;     7;     8;     7;     8;     9; info:     7824.61274050 GHz
  145     48     39        377.07319491     2.0830000E-01             quant:      8;     8;     8;     7;     8;     8; info:     7856.93009350 GHz
  146     49     39        377.07324315     1.3680000E-03             quant:      8;     8;     9;     7;     8;     8; info:     7856.93109870 GHz
  147     48     38        377.07876629     1.5390000E-03             quant:      8;     8;     8;     7;     8;     9; info:     7857.04618230 GHz
  148     49     38        377.07881453     2.0830000E-01             quant:      8;     8;     9;     7;     8;     9; info:     7857.04718740 GHz
  149     52     48        415.99369855     2.5180000E-01             quant:      9;     8;     8;     8;     8;     8; info:     8667.90175750 GHz
  150     53     49        415.99926956     2.5310000E-01             quant:      9;     8;     9;     8;     8;     9; info:     8668.01783840 GHz
  151     50     44        417.10199176     1.8420000E+01             quant:      9;    10;    11;     8;     9;    10; info:     8690.99483960 GHz
  152     51     45        417.10199377     1.8330000E+01             quant:      9;    10;    10;     8;     9;     9; info:     8690.99488150 GHz
  153     51     44        417.10756761     9.7060000E-02             quant:      9;    10;    10;     8;     9;    10; info:     8691.11102150 GHz
  154     54     49        417.32510596     1.1850000E-01             quant:      9;     9;     9;     8;     8;     9; info:     8695.64378500 GHz
  155     55     49        417.32514847     1.8220000E+01             quant:      9;     9;    10;     8;     8;     9; info:     8695.64467080 GHz
  156     54     48        417.32515420     1.8110000E+01             quant:      9;     9;     9;     8;     8;     8; info:     8695.64479020 GHz
  157     52     47        417.55025835     1.5240000E-01             quant:      9;     8;     8;     8;     7;     8; info:     8700.33519930 GHz
  158     53     47        417.55587760     1.8220000E+01             quant:      9;     8;     9;     8;     7;     8; info:     8700.45228540 GHz
  159     52     46        417.55588167     1.8070000E+01             quant:      9;     8;     8;     8;     7;     7; info:     8700.45237020 GHz
  160     54     45        422.18993350     2.3300000E-01             quant:      9;     9;     9;     8;     9;     9; info:     8797.01033770 GHz
  161     55     44        422.19554985     2.3300000E-01             quant:      9;     9;    10;     8;     9;    10; info:     8797.12736350 GHz
  162     22      5        424.53092177     2.0950000E-04             quant:      4;     3;     3;     1;     2;     2; info:     8845.78861600 GHz
  163     23      4        424.54210300     2.2460000E-04             quant:      4;     3;     4;     1;     2;     3; info:     8846.02159500 GHz
  164     58     54        460.52568995     2.7530000E-01             quant:     10;     9;     9;     9;     9;     9; info:     9595.79784780 GHz
  165     59     55        460.53126325     2.7680000E-01             quant:     10;     9;    10;     9;     9;    10; info:     9595.91397670 GHz
  166     56     50        461.41485992     2.5070000E+01             quant:     10;    11;    12;     9;    10;    11; info:     9614.32514290 GHz
  167     57     51        461.41486159     2.4960000E+01             quant:     10;    11;    11;     9;    10;    10; info:     9614.32517770 GHz
  168     57     50        461.42043745     1.0860000E-01             quant:     10;    11;    11;     9;    10;    11; info:     9614.44135970 GHz
  169     60     55        461.63333786     1.3000000E-01             quant:     10;    10;    10;     9;     9;    10; info:     9618.87748430 GHz
  170     61     55        461.63337551     2.4860000E+01             quant:     10;    10;    11;     9;     9;    10; info:     9618.87826880 GHz
  171     60     54        461.63338038     2.4720000E+01             quant:     10;    10;    10;     9;     9;     9; info:     9618.87837020 GHz
  172     58     53        461.85152634     1.6310000E-01             quant:     10;     9;     9;     9;     8;     9; info:     9623.42379430 GHz
  173     59     53        461.85714217     2.4860000E+01             quant:     10;     9;    10;     9;     8;     9; info:     9623.54080910 GHz
  174     58     52        461.85714559     2.4700000E+01             quant:     10;     9;     9;     9;     8;     8; info:     9623.54088040 GHz
  175     60     51        466.72132011     2.5670000E-01             quant:     10;    10;    10;     9;    10;    10; info:     9724.89382640 GHz
  176     61     50        466.72693361     2.5660000E-01             quant:     10;    10;    11;     9;    10;    11; info:     9725.01079280 GHz
  177     64     60        504.41184141     2.9750000E-01             quant:     11;    10;    10;    10;    10;    10; info:    10510.23681830 GHz
  178     65     61        504.41741647     2.9940000E-01             quant:     11;    10;    11;    10;    10;    11; info:    10510.35298370 GHz
  179     62     56        505.08733586     3.3030000E+01             quant:     11;    12;    13;    10;    11;    12; info:    10524.31183800 GHz
  180     63     57        505.08733728     3.2910000E+01             quant:     11;    12;    12;    10;    11;    11; info:    10524.31186750 GHz
  181     63     56        505.09291480     1.1980000E-01             quant:     11;    12;    12;    10;    11;    12; info:    10524.42808430 GHz
  182     66     61        505.30155442     1.4090000E-01             quant:     11;    11;    11;    10;    10;    11; info:    10528.77542820 GHz
  183     67     61        505.30158769     3.2790000E+01             quant:     11;    11;    12;    10;    10;    11; info:    10528.77612150 GHz
  184     66     60        505.30159207     3.2650000E+01             quant:     11;    11;    11;    10;    10;    10; info:    10528.77621270 GHz
  185     64     59        505.51391602     1.7350000E-01             quant:     11;    10;    10;    10;     9;    10; info:    10533.20032590 GHz
  186     65     59        505.51952873     3.2810000E+01             quant:     11;    10;    11;    10;     9;    10; info:    10533.31727580 GHz
  187     64     58        505.51953185     3.2640000E+01             quant:     11;    10;    10;    10;     9;     9; info:    10533.31734070 GHz
  188     66     57        510.60805058     2.7940000E-01             quant:     11;    11;    11;    10;    11;    11; info:    10639.34486130 GHz
  189     67     56        510.61366138     2.7930000E-01             quant:     11;    11;    12;    10;    11;    12; info:    10639.46177150 GHz
  190     68     62        548.06104803     4.2350000E+01             quant:     12;    13;    14;    11;    12;    13; info:    11419.73865940 GHz
  191     69     63        548.06104924     4.2220000E+01             quant:     12;    13;    13;    11;    12;    12; info:    11419.73868460 GHz
  192     72     67        548.27123426     4.2100000E+01             quant:     12;    12;    13;    11;    11;    12; info:    11424.11822960 GHz
  193     73     66        548.27123856     4.1950000E+01             quant:     12;    12;    12;    11;    11;    11; info:    11424.11831930 GHz
  194     71     65        548.48401163     4.2120000E+01             quant:     12;    11;    12;    11;    10;    11; info:    11428.55179040 GHz
  195     70     64        548.48401483     4.1940000E+01             quant:     12;    11;    11;    11;    10;    10; info:    11428.55185710 GHz
  196     28     11        565.70300386     1.6870000E-04             quant:      5;     4;     4;     2;     3;     3; info:    11787.33735270 GHz
  197     29     10        565.71418919     1.7510000E-04             quant:      5;     4;     5;     2;     3;     4; info:    11787.57041710 GHz
  198     74     68        590.27912038     5.3060000E+01             quant:     13;    14;    15;    12;    13;    14; info:    12299.42050270 GHz
  199     75     69        590.27912142     5.2930000E+01             quant:     13;    14;    14;    12;    13;    13; info:    12299.42052450 GHz
  200     78     72        590.48532183     5.2810000E+01             quant:     13;    13;    14;    12;    12;    13; info:    12303.71704350 GHz
  201     79     73        590.48532684     5.2650000E+01             quant:     13;    13;    13;    12;    12;    12; info:    12303.71714790 GHz
  202     77     71        590.69331231     5.2830000E+01             quant:     13;    12;    13;    12;    11;    12; info:    12308.05086180 GHz
  203     76     70        590.69331635     5.2640000E+01             quant:     13;    12;    12;    12;    11;    11; info:    12308.05094600 GHz
  204     80     74        631.68633792     6.5200000E+01             quant:     14;    15;    16;    13;    14;    15; info:    13162.20687420 GHz
  205     81     75        631.68633884     6.5060000E+01             quant:     14;    15;    15;    13;    14;    14; info:    13162.20689330 GHz
  206     84     78        631.88855591     6.4940000E+01             quant:     14;    14;    15;    13;    13;    14; info:    13166.42041310 GHz
  207     85     79        631.88856434     6.4770000E+01             quant:     14;    14;    14;    13;    13;    13; info:    13166.42058880 GHz
  208     83     77        632.09195512     6.4980000E+01             quant:     14;    13;    14;    13;    12;    13; info:    13170.65856480 GHz
  209     82     76        632.09196270     6.4780000E+01             quant:     14;    13;    13;    13;    12;    12; info:    13170.65872270 GHz
#---end------------------------------------------------------
#Ref: CDMS
