#327         # Number of transitions
#K          # Energy unit
#   n     nu     nl                E(K)          Aij(s-1)             quant:     Ju      kau     kcu     Jl      kal     kcl info:        E(cm-1)
#---data---------------------------------------------------------------------------------------------------------------------------------------------
    1     30     29          0.27010000     2.9880000E-11             quant:      6;      1;      6;      5;      2;      3; info:        0.1877 cm-1
    2     11      9          9.76210000     4.8130000E-06             quant:      3;      1;      3;      2;      2;      0; info:        6.7849 cm-1
    3     84     82         12.18510000     2.8060000E-06             quant:     10;      2;      9;      9;      3;      6; info:        8.4690 cm-1
    4     23     21         15.47610000     1.0600000E-05             quant:      5;      1;      5;      4;      2;      2; info:       10.7563 cm-1
    5     16     14         18.74640000     3.1600000E-05             quant:      4;      1;      4;      3;      2;      1; info:       13.0293 cm-1
    6     20     19         23.47110000     6.9510000E-05             quant:      4;      2;      3;      3;      3;      0; info:       16.3131 cm-1
    7     39     38         24.82120000     1.4910000E-05             quant:      6;      2;      4;      7;      1;      7; info:       17.2514 cm-1
    8     50     47         24.96300000     4.6090000E-05             quant:      6;      4;      3;      5;      5;      0; info:       17.3500 cm-1
    9     68     66         25.60330000     3.8410000E-05             quant:      7;      5;      3;      6;      6;      0; info:       17.7950 cm-1
   10     33     32         25.78850000     6.8700000E-05             quant:      5;      3;      3;      4;      4;      0; info:       17.9237 cm-1
   11     69     65         25.91120000     3.9820000E-05             quant:      7;      5;      2;      6;      6;      1; info:       18.0090 cm-1
   12      4      2         26.28460000     3.2570000E-03             quant:      1;      1;      0;      1;      0;      1; info:       18.2685 cm-1
   13     51     46         26.62940000     5.6160000E-05             quant:      6;      4;      2;      5;      5;      1; info:       18.5082 cm-1
   14     34     31         33.21490000     1.5110000E-04             quant:      5;      3;      2;      4;      4;      1; info:       23.0853 cm-1
   15      7      5         35.77010000     6.7590000E-03             quant:      2;      1;      1;      2;      0;      2; info:       24.8612 cm-1
   16     71     67         41.12060000     1.7110000E-04             quant:      9;      2;      8;      8;      3;      5; info:       28.5800 cm-1
   17     21     18         46.56630000     6.7590000E-04             quant:      4;      2;      2;      3;      3;      1; info:       32.3649 cm-1
   18      5      3         47.73720000     5.9700000E-03             quant:      2;      0;      2;      1;      1;      1; info:       33.1787 cm-1
   19     27     25         48.15010000     9.7140000E-04             quant:      5;      2;      4;      4;      3;      1; info:       33.4657 cm-1
   20     12     10         52.58250000     1.6000000E-02             quant:      3;      1;      2;      3;      0;      3; info:       36.5463 cm-1
   21      3      1         52.87370000     1.7690000E-02             quant:      1;      1;      1;      0;      0;      0; info:       36.7487 cm-1
   22     14     12         54.55360000     2.1280000E-02             quant:      3;      2;      1;      3;      1;      2; info:       37.9163 cm-1
   23     12      8         56.69860000     2.8830000E-03             quant:      3;      1;      2;      2;      2;      1; info:       39.4071 cm-1
   24     52     49         56.76630000     1.0930000E-04             quant:      7;      2;      5;      8;      1;      8; info:       39.4542 cm-1
   25     21     17         57.05700000     2.6880000E-02             quant:      4;      2;      2;      4;      1;      3; info:       39.6562 cm-1
   26      9      7         57.54370000     1.7430000E-02             quant:      2;      2;      0;      2;      1;      1; info:       39.9945 cm-1
   27     42     41         58.40010000     1.6110000E-03             quant:      6;      3;      4;      5;      4;      1; info:       40.5897 cm-1
   28     61     57         60.11440000     1.4200000E-03             quant:      7;      4;      4;      6;      5;      1; info:       41.7812 cm-1
   29     74     70         60.24650000     2.2150000E-04             quant:      8;      4;      5;      9;      1;      8; info:       41.8730 cm-1
   30     80     78         60.70690000     1.1840000E-03             quant:      8;      5;      4;      7;      6;      1; info:       42.1930 cm-1
   31     58     54         60.95380000     9.2530000E-04             quant:      8;      2;      7;      7;      3;      4; info:       42.3646 cm-1
   32     61     55         61.00600000     2.1150000E-04             quant:      7;      4;      4;      8;      1;      7; info:       42.4009 cm-1
   33     81     77         61.92120000     1.2590000E-03             quant:      8;      5;      3;      7;      6;      2; info:       43.0370 cm-1
   34     36     34         64.34580000     2.3170000E-03             quant:      6;      2;      5;      5;      3;      2; info:       44.7221 cm-1
   35     62     56         65.64270000     1.8750000E-03             quant:      7;      4;      3;      6;      5;      2; info:       45.6235 cm-1
   36     87     83         67.25630000     2.9510000E-04             quant:      9;      4;      6;     10;      1;      9; info:       46.7450 cm-1
   37     29     26         67.33250000     4.1340000E-02             quant:      5;      2;      3;      5;      1;      4; info:       46.7980 cm-1
   38     45     43         69.04440000     2.1360000E-03             quant:      7;      2;      6;      6;      3;      3; info:       47.9878 cm-1
   39     80     76         69.30370000     2.2640000E-04             quant:      8;      5;      4;      9;      2;      7; info:       48.1680 cm-1
   40     50     44         70.98810000     2.4370000E-04             quant:      6;      4;      3;      7;      1;      6; info:       49.3387 cm-1
   41     17     15         77.07490000     3.6520000E-02             quant:      4;      1;      3;      4;      0;      4; info:       53.5692 cm-1
   42     43     40         77.78950000     4.1930000E-03             quant:      6;      3;      3;      5;      4;      2; info:       54.0659 cm-1
   43      8      6         78.39570000     2.8870000E-02             quant:      2;      2;      1;      2;      1;      2; info:       54.4872 cm-1
   44      6      2         79.46970000     5.4040000E-02             quant:      2;      1;      2;      1;      0;      1; info:       55.2337 cm-1
   45     24     22         79.48570000     2.2540000E-04             quant:      4;      3;      2;      5;      0;      5; info:       55.2448 cm-1
   46     33     28         80.21260000     2.7530000E-04             quant:      5;      3;      3;      6;      0;      6; info:       55.7500 cm-1
   47     10      6         82.51180000     5.0750000E-02             quant:      3;      0;      3;      2;      1;      2; info:       57.3480 cm-1
   48     43     39         82.54660000     7.4750000E-02             quant:      6;      3;      3;      6;      2;      4; info:       57.3722 cm-1
   49     54     52         85.02770000     8.5820000E-02             quant:      7;      3;      4;      7;      2;      5; info:       59.0966 cm-1
   50     39     35         86.41050000     7.3460000E-02             quant:      6;      2;      4;      6;      1;      5; info:       60.0577 cm-1
   51     34     29         87.14790000     7.4800000E-02             quant:      5;      3;      2;      5;      2;      3; info:       60.5702 cm-1
   52     53     51         87.15360000     7.1800000E-03             quant:      7;      3;      5;      6;      4;      2; info:       60.5742 cm-1
   53     18     15         87.56550000     1.4760000E-04             quant:      3;      3;      1;      4;      0;      4; info:       60.8605 cm-1
   54     42     37         88.63630000     3.5180000E-04             quant:      6;      3;      4;      7;      0;      7; info:       61.6047 cm-1
   55     13     11         90.91420000     4.9750000E-02             quant:      3;      2;      2;      3;      1;      3; info:       63.1879 cm-1
   56     40     35         91.16760000     2.5590000E-04             quant:      5;      4;      2;      6;      1;      5; info:       63.3640 cm-1
   57     63     60         91.98030000     3.2240000E-04             quant:      8;      2;      6;      9;      1;      9; info:       63.9289 cm-1
   58     74     69         94.14440000     8.2010000E-03             quant:      8;      4;      5;      7;      5;      2; info:       65.4330 cm-1
   59     29     24         94.76880000     1.2630000E-02             quant:      5;      2;      3;      4;      3;      2; info:       65.8670 cm-1
   60     25     21         95.30980000     7.5700000E-02             quant:      4;      3;      1;      4;      2;      2; info:       66.2430 cm-1
   61     67     63         96.55270000     1.1820000E-01             quant:      8;      3;      5;      8;      2;      6; info:       67.1068 cm-1
   62     17     13        100.78340000     3.5070000E-02             quant:      4;      1;      3;      3;      2;      2; info:       70.0473 cm-1
   63     68     63        101.82010000     3.3580000E-04             quant:      7;      5;      3;      8;      2;      6; info:       70.7678 cm-1
   64     19     14        102.88480000     6.1910000E-02             quant:      3;      3;      0;      3;      2;      1; info:       71.5078 cm-1
   65     11      5        103.07580000     1.2140000E-01             quant:      3;      1;      3;      2;      0;      2; info:       71.6406 cm-1
   66     53     48        103.37610000     4.7900000E-04             quant:      7;      3;      5;      8;      0;      8; info:       71.8493 cm-1
   67     26     22        106.92200000     7.4550000E-02             quant:      5;      1;      4;      5;      0;      5; info:       74.3138 cm-1
   68     20     16        107.60950000     7.7060000E-02             quant:      4;      2;      3;      4;      1;      4; info:       74.7916 cm-1
   69     88     82        108.48630000     1.6900000E-01             quant:      9;      4;      5;      9;      3;      6; info:       75.4010 cm-1
   70     75     68        108.55530000     1.3130000E-02             quant:      8;      4;      4;      7;      5;      3; info:       75.4490 cm-1
   71     64     62        109.35720000     1.5060000E-02             quant:      8;      3;      6;      7;      4;      3; info:       76.0063 cm-1
   72     18     13        111.27410000     7.3980000E-02             quant:      3;      3;      1;      3;      2;      2; info:       77.3386 cm-1
   73     52     44        113.31720000     1.3480000E-01             quant:      7;      2;      5;      7;      1;      6; info:       78.7586 cm-1
   74     75     67        113.82280000     1.7560000E-01             quant:      8;      4;      4;      8;      3;      5; info:       79.1100 cm-1
   75     15     11        114.62270000     1.7150000E-01             quant:      4;      0;      4;      3;      1;      3; info:       79.6660 cm-1
   76     24     20        116.06930000     1.1570000E-01             quant:      4;      3;      2;      4;      2;      3; info:       80.6714 cm-1
   77     82     76        117.40250000     1.8550000E-01             quant:      9;      3;      6;      9;      2;      7; info:       81.5980 cm-1
   78     31     26        121.26550000     1.5030000E-04             quant:      4;      4;      1;      5;      1;      4; info:       84.2829 cm-1
   79     79     75        121.93180000     1.8230000E-02             quant:      9;      3;      7;      8;      4;      4; info:       84.7460 cm-1
   80     64     59        122.94180000     6.6870000E-04             quant:      8;      3;      6;      9;      0;      9; info:       85.4480 cm-1
   81     62     54        123.95230000     1.9430000E-01             quant:      7;      4;      3;      7;      3;      4; info:       86.1503 cm-1
   82     33     27        124.35200000     1.5570000E-01             quant:      5;      3;      3;      5;      2;      4; info:       86.4281 cm-1
   83     87     81        125.56760000     2.4360000E-02             quant:      9;      4;      6;      8;      5;      3; info:       87.2730 cm-1
   84     16     10        125.88260000     2.4010000E-01             quant:      4;      1;      4;      3;      0;      3; info:       87.4919 cm-1
   85     76     73        127.18620000     6.5110000E-04             quant:      9;      2;      7;     10;      1;     10; info:       88.3980 cm-1
   86     54     50        127.35670000     2.8960000E-02             quant:      7;      3;      4;      6;      4;      3; info:       88.5165 cm-1
   87     27     23        127.98390000     1.1530000E-01             quant:      5;      2;      4;      5;      1;      5; info:       88.9524 cm-1
   88      8      4        131.58090000     2.4580000E-01             quant:      2;      2;      1;      1;      1;      0; info:       91.4524 cm-1
   89     51     43        134.63830000     2.0890000E-01             quant:      6;      4;      2;      6;      3;      3; info:       93.5774 cm-1
   90     42     36        136.58690000     2.0590000E-01             quant:      6;      3;      4;      6;      2;      5; info:       94.9317 cm-1
   91     35     28        138.60430000     1.3340000E-01             quant:      6;      1;      5;      6;      0;      6; info:       96.3339 cm-1
   92      9      3        141.05100000     2.4960000E-01             quant:      2;      2;      0;      1;      1;      1; info:       98.0344 cm-1
   93     41     34        142.53250000     1.9820000E-01             quant:      5;      4;      1;      5;      3;      2; info:       99.0641 cm-1
   94     56     52        143.33720000     2.9940000E-04             quant:      6;      5;      2;      7;      2;      5; info:       99.6234 cm-1
   95     26     20        143.50560000     1.6220000E-01             quant:      5;      1;      4;      4;      2;      3; info:       99.7404 cm-1
   96     22     16        144.19300000     3.8500000E-01             quant:      5;      0;      5;      4;      1;      4; info:      100.2182 cm-1
   97     39     33        144.80220000     7.5510000E-02             quant:      6;      2;      4;      5;      3;      3; info:      100.6416 cm-1
   98     63     55        144.92570000     2.3600000E-01             quant:      8;      2;      6;      8;      1;      7; info:      100.7274 cm-1
   99     79     72        145.89050000     9.2590000E-04             quant:      9;      3;      7;     10;      0;     10; info:      101.3980 cm-1
  100     32     25        146.71370000     1.4000000E-01             quant:      4;      4;      0;      4;      3;      1; info:      101.9701 cm-1
  101     31     24        148.70180000     1.4490000E-01             quant:      4;      4;      1;      4;      3;      2; info:      103.3519 cm-1
  102     40     33        149.55930000     2.2380000E-01             quant:      5;      4;      2;      5;      3;      3; info:      103.9479 cm-1
  103     23     15        149.60790000     4.3610000E-01             quant:      5;      1;      5;      4;      0;      4; info:      103.9817 cm-1
  104     36     30        151.22350000     1.6720000E-01             quant:      6;      2;      5;      6;      1;      6; info:      105.1046 cm-1
  105     50     42        152.00880000     2.8010000E-01             quant:      6;      4;      3;      6;      3;      4; info:      105.6504 cm-1
  106     53     45        152.74750000     2.7390000E-01             quant:      7;      3;      5;      7;      2;      6; info:      106.1638 cm-1
  107     88     80        156.58510000     5.3230000E-02             quant:      9;      4;      5;      8;      5;      4; info:      108.8310 cm-1
  108     61     53        157.02120000     3.3450000E-01             quant:      7;      4;      4;      7;      3;      5; info:      109.1341 cm-1
  109     13      7        158.22000000     3.3900000E-01             quant:      3;      2;      2;      2;      1;      1; info:      109.9673 cm-1
  110     74     64        165.36020000     4.0020000E-01             quant:      8;      4;      5;      8;      3;      6; info:      114.9300 cm-1
  111     44     37        169.65700000     2.1070000E-01             quant:      7;      1;      6;      7;      0;      7; info:      117.9164 cm-1
  112     28     23        172.12330000     7.0120000E-01             quant:      6;      0;      6;      5;      1;      5; info:      119.6305 cm-1
  113     64     58        172.35560000     3.6490000E-01             quant:      8;      3;      6;      8;      2;      7; info:      119.7920 cm-1
  114     81     75        173.75850000     4.4580000E-01             quant:      8;      5;      3;      8;      4;      4; info:      120.7670 cm-1
  115     30     22        174.52460000     7.3400000E-01             quant:      6;      1;      6;      5;      0;      5; info:      121.2995 cm-1
  116     45     38        176.41220000     2.3410000E-01             quant:      7;      2;      6;      7;      1;      7; info:      122.6114 cm-1
  117     87     79        177.39430000     4.8660000E-01             quant:      9;      4;      6;      9;      3;      7; info:      123.2940 cm-1
  118     76     70        177.60000000     3.7890000E-01             quant:      9;      2;      7;      9;      1;      8; info:      123.4370 cm-1
  119     67     61        180.47230000     1.1840000E-01             quant:      8;      3;      5;      7;      4;      4; info:      125.4333 cm-1
  120     69     62        180.57300000     4.3420000E-01             quant:      7;      5;      2;      7;      4;      3; info:      125.5033 cm-1
  121     20     12        180.90950000     4.6710000E-01             quant:      4;      2;      3;      3;      1;      2; info:      125.7372 cm-1
  122     35     27        182.74370000     4.6000000E-01             quant:      6;      1;      5;      5;      2;      4; info:      127.0120 cm-1
  123     57     51        184.06040000     3.6840000E-01             quant:      6;      5;      1;      6;      4;      2; info:      127.9271 cm-1
  124     47     41        185.44590000     2.3660000E-01             quant:      5;      5;      0;      5;      4;      1; info:      128.8901 cm-1
  125     56     50        185.66630000     3.7700000E-01             quant:      6;      5;      2;      6;      4;      3; info:      129.0433 cm-1
  126     68     61        185.73970000     4.6760000E-01             quant:      7;      5;      3;      7;      4;      4; info:      129.0943 cm-1
  127     46     40        185.79840000     2.3780000E-01             quant:      5;      5;      1;      5;      4;      2; info:      129.1351 cm-1
  128     80     74        186.65720000     5.3570000E-01             quant:      8;      5;      4;      8;      4;      5; info:      129.7320 cm-1
  129     14      6        189.64790000     3.1780000E-01             quant:      3;      2;      1;      2;      1;      2; info:      131.8106 cm-1
  130     46     39        190.55550000     1.2790000E-04             quant:      5;      5;      1;      6;      2;      4; info:      132.4414 cm-1
  131     52     42        194.33790000     2.7580000E-01             quant:      7;      2;      5;      6;      3;      4; info:      135.0703 cm-1
  132     79     71        194.63390000     4.8240000E-01             quant:      9;      3;      7;      9;      2;      8; info:      135.2760 cm-1
  133     37     30        199.17410000     1.1350000E+00             quant:      7;      0;      7;      6;      1;      6; info:      138.4316 cm-1
  134     55     48        199.39120000     3.0210000E-01             quant:      8;      1;      7;      8;      0;      8; info:      138.5825 cm-1
  135     38     28        200.19370000     1.1540000E+00             quant:      7;      1;      7;      6;      0;      6; info:      139.1402 cm-1
  136     27     17        200.51700000     6.4800000E-01             quant:      5;      2;      4;      4;      1;      3; info:      139.3649 cm-1
  137     58     49        202.74780000     3.1620000E-01             quant:      8;      2;      7;      8;      1;      8; info:      140.9154 cm-1
  138     19     10        210.02090000     8.1990000E-03             quant:      3;      3;      0;      3;      0;      3; info:      145.9704 cm-1
  139     18      9        211.95030000     1.1750000E+00             quant:      3;      3;      1;      2;      2;      0; info:      147.3114 cm-1
  140     19      8        214.13700000     1.1960000E+00             quant:      3;      3;      0;      2;      2;      1; info:      148.8312 cm-1
  141     44     36        217.60760000     9.5230000E-01             quant:      7;      1;      6;      6;      2;      5; info:      151.2434 cm-1
  142     36     26        218.82610000     9.1530000E-01             quant:      6;      2;      5;      5;      1;      4; info:      152.0903 cm-1
  143     78     69        220.09470000     5.6010000E-01             quant:      7;      6;      1;      7;      5;      2; info:      152.9720 cm-1
  144     66     57        220.25080000     3.4320000E-01             quant:      6;      6;      0;      6;      5;      1; info:      153.0805 cm-1
  145     65     56        220.30450000     3.4340000E-01             quant:      6;      6;      1;      6;      5;      2; info:      153.1178 cm-1
  146     77     68        220.39260000     5.6220000E-01             quant:      7;      6;      2;      7;      5;      3; info:      153.1790 cm-1
  147     77     67        225.66000000     3.1350000E-04             quant:      7;      6;      2;      8;      3;      5; info:      156.8400 cm-1
  148     48     38        225.78360000     1.7070000E+00             quant:      8;      0;      8;      7;      1;      7; info:      156.9259 cm-1
  149     49     37        226.20790000     1.7170000E+00             quant:      8;      1;      8;      7;      0;      7; info:      157.2208 cm-1
  150     32     23        226.54740000     1.0220000E-04             quant:      4;      4;      0;      5;      1;      5; info:      157.4568 cm-1
  151     70     59        228.05560000     4.0520000E-01             quant:      9;      1;      8;      9;      0;      9; info:      158.5050 cm-1
  152     41     30        229.41030000     2.4570000E-04             quant:      5;      4;      1;      6;      1;      6; info:      159.4466 cm-1
  153     25     15        229.44170000     2.3040000E-02             quant:      4;      3;      1;      4;      0;      4; info:      159.4684 cm-1
  154     71     60        229.65360000     4.1310000E-01             quant:      9;      2;      8;      9;      1;      9; info:      159.6157 cm-1
  155     82     74        234.75600000     3.6400000E-01             quant:      9;      3;      6;      8;      4;      5; info:      163.1620 cm-1
  156     45     35        238.00150000     1.3090000E+00             quant:      7;      2;      6;      6;      1;      5; info:      165.4177 cm-1
  157     63     53        240.94080000     7.3740000E-01             quant:      8;      2;      6;      7;      3;      5; info:      167.4606 cm-1
  158     51     38        242.00610000     3.7300000E-04             quant:      6;      4;      2;      7;      1;      7; info:      168.2010 cm-1
  159     24     14        242.42520000     1.3200000E+00             quant:      4;      3;      2;      3;      2;      1; info:      168.4923 cm-1
  160     69     58        243.57150000     6.5710000E-04             quant:      7;      5;      2;      8;      2;      7; info:      169.2890 cm-1
  161     81     71        246.46060000     9.1290000E-04             quant:      8;      5;      3;      9;      2;      8; info:      171.2970 cm-1
  162     21     11        248.75460000     3.6420000E-01             quant:      4;      2;      2;      3;      1;      3; info:      172.8914 cm-1
  163     55     45        248.76260000     1.6170000E+00             quant:      8;      1;      7;      7;      2;      6; info:      172.8970 cm-1
  164     57     45        249.65430000     3.7910000E-04             quant:      6;      5;      1;      7;      2;      6; info:      173.5167 cm-1
  165     89     78        251.51650000     4.5340000E-01             quant:      7;      7;      0;      7;      6;      1; info:      174.8110 cm-1
  166     90     77        251.52510000     4.5330000E-01             quant:      7;      7;      1;      7;      6;      2; info:      174.8170 cm-1
  167     59     49        252.16160000     2.4320000E+00             quant:      9;      0;      9;      8;      1;      8; info:      175.2594 cm-1
  168     60     48        252.33660000     2.4390000E+00             quant:      9;      1;      9;      8;      0;      8; info:      175.3810 cm-1
  169     25     13        253.15020000     1.3960000E+00             quant:      4;      3;      1;      3;      2;      2; info:      175.9465 cm-1
  170     83     72        256.02850000     5.1980000E-01             quant:     10;      1;      9;     10;      0;     10; info:      177.9470 cm-1
  171     84     73        256.77380000     5.2400000E-01             quant:     10;      2;      9;     10;      1;     10; info:      178.4650 cm-1
  172     58     44        259.29860000     1.8610000E+00             quant:      8;      2;      7;      7;      1;      6; info:      180.2198 cm-1
  173     34     22        261.40240000     3.5280000E-02             quant:      5;      3;      2;      5;      0;      5; info:      181.6820 cm-1
  174     47     36        263.63270000     1.3420000E-04             quant:      5;      5;      0;      6;      2;      5; info:      183.2321 cm-1
  175     62     49        265.74630000     4.5150000E-04             quant:      7;      4;      3;      8;      1;      8; info:      184.7011 cm-1
  176     33     21        267.81190000     1.4590000E+00             quant:      5;      3;      3;      4;      2;      2; info:      186.1368 cm-1
  177     70     58        277.46940000     2.4410000E+00             quant:      9;      1;      8;      8;      2;      7; info:      192.8490 cm-1
  178     72     60        278.39700000     3.3350000E+00             quant:     10;      0;     10;      9;      1;      9; info:      193.4937 cm-1
  179     73     59        278.46940000     3.3380000E+00             quant:     10;      1;     10;      9;      0;      9; info:      193.5440 cm-1
  180     65     54        278.61410000     1.1080000E-04             quant:      6;      6;      1;      7;      3;      4; info:      193.6446 cm-1
  181     71     55        282.59900000     2.5920000E+00             quant:      9;      2;      8;      8;      1;      7; info:      196.4142 cm-1
  182     76     64        282.71380000     1.5430000E+00             quant:      9;      2;      7;      8;      3;      6; info:      196.4940 cm-1
  183     42     29        288.08050000     1.6280000E+00             quant:      6;      3;      4;      5;      2;      3; info:      200.2240 cm-1
  184     31     19        288.24220000     3.2750000E+00             quant:      4;      4;      1;      3;      3;      0; info:      200.3364 cm-1
  185     32     18        288.58980000     3.2840000E+00             quant:      4;      4;      0;      3;      3;      1; info:      200.5780 cm-1
  186     78     64        291.31060000     3.9520000E-04             quant:      7;      6;      1;      8;      3;      6; info:      202.4690 cm-1
  187     41     26        297.01290000     2.7850000E-02             quant:      5;      4;      1;      5;      1;      4; info:      206.4323 cm-1
  188     34     20        297.98600000     1.5720000E+00             quant:      5;      3;      2;      4;      2;      3; info:      207.1086 cm-1
  189     32     17        299.08050000     6.6770000E-03             quant:      4;      4;      0;      4;      1;      3; info:      207.8693 cm-1
  190     75     60        302.35570000     4.6550000E-04             quant:      8;      4;      4;      9;      1;      9; info:      210.1457 cm-1
  191     51     35        303.59540000     6.5330000E-02             quant:      6;      4;      2;      6;      1;      5; info:      211.0073 cm-1
  192     53     39        304.33850000     1.8770000E+00             quant:      7;      3;      5;      6;      2;      4; info:      211.5238 cm-1
  193     85     73        304.52300000     4.4310000E+00             quant:     11;      0;     11;     10;      1;     10; info:      211.6520 cm-1
  194     86     72        304.55320000     4.4300000E+00             quant:     11;      1;     11;     10;      0;     10; info:      211.6730 cm-1
  195     83     71        304.77190000     3.4340000E+00             quant:     10;      1;      9;      9;      2;      8; info:      211.8250 cm-1
  196     18      5        305.26410000     2.0660000E-02             quant:      3;      3;      1;      2;      0;      2; info:      212.1671 cm-1
  197     84     70        307.18760000     3.5220000E+00             quant:     10;      2;      9;      9;      1;      8; info:      213.5040 cm-1
  198     43     28        307.56140000     3.8920000E-02             quant:      6;      3;      3;      6;      0;      6; info:      213.7638 cm-1
  199     66     53        317.15760000     1.2550000E-04             quant:      6;      6;      0;      7;      3;      5; info:      220.4334 cm-1
  200     64     52        318.33710000     2.2580000E+00             quant:      8;      3;      6;      7;      2;      5; info:      221.2532 cm-1
  201     29     16        318.44760000     3.9570000E-01             quant:      5;      2;      3;      4;      1;      4; info:      221.3300 cm-1
  202     40     25        322.06140000     3.5870000E+00             quant:      5;      4;      2;      4;      3;      1; info:      223.8417 cm-1
  203     62     44        322.29710000     1.0620000E-01             quant:      7;      4;      3;      7;      1;      6; info:      224.0055 cm-1
  204     41     24        324.44920000     3.6420000E+00             quant:      5;      4;      1;      4;      3;      2; info:      225.5013 cm-1
  205     79     63        332.30720000     2.8270000E+00             quant:      9;      3;      7;      8;      2;      6; info:      230.9628 cm-1
  206     24     10        349.56130000     9.0850000E-02             quant:      4;      3;      2;      3;      0;      3; info:      242.9549 cm-1
  207     43     27        351.70080000     1.6650000E+00             quant:      6;      3;      3;      5;      2;      4; info:      244.4419 cm-1
  208     50     34        352.94150000     3.8440000E+00             quant:      6;      4;      3;      5;      3;      2; info:      245.3042 cm-1
  209     88     73        353.07500000     4.2080000E-04             quant:      9;      4;      5;     10;      1;     10; info:      245.3970 cm-1
  210     75     55        355.30110000     1.3150000E-01             quant:      8;      4;      4;      8;      1;      7; info:      246.9442 cm-1
  211     46     32        361.14620000     6.8830000E+00             quant:      5;      5;      1;      4;      4;      0; info:      251.0067 cm-1
  212     47     31        361.19340000     6.8830000E+00             quant:      5;      5;      0;      4;      4;      1; info:      251.0395 cm-1
  213     51     33        361.98710000     4.0210000E+00             quant:      6;      4;      2;      5;      3;      3; info:      251.5912 cm-1
  214     90     75        363.36230000     9.9650000E-05             quant:      7;      7;      1;      8;      4;      4; info:      252.5470 cm-1
  215     54     37        368.00190000     3.6000000E-02             quant:      7;      3;      4;      7;      0;      7; info:      255.7716 cm-1
  216     31     16        372.38050000     2.5260000E-03             quant:      4;      4;      1;      4;      1;      4; info:      258.8149 cm-1
  217     89     74        377.46680000     1.0570000E-04             quant:      7;      7;      0;      8;      4;      5; info:      262.3500 cm-1
  218     61     43        378.81310000     3.9890000E+00             quant:      7;      4;      4;      6;      3;      3; info:      263.2857 cm-1
  219     81     63        384.13390000     1.1240000E-01             quant:      8;      5;      3;      8;      2;      6; info:      266.9838 cm-1
  220     69     52        389.55290000     5.3000000E-02             quant:      7;      5;      2;      7;      2;      5; info:      270.7502 cm-1
  221     56     41        396.07530000     7.4180000E+00             quant:      6;      5;      2;      5;      4;      1; info:      275.2834 cm-1
  222     57     40        396.48820000     7.4350000E+00             quant:      6;      5;      1;      5;      4;      2; info:      275.5704 cm-1
  223     39     23        397.13810000     4.3240000E-01             quant:      6;      2;      4;      5;      1;      5; info:      276.0221 cm-1
  224     74     54        398.66970000     4.0840000E+00             quant:      8;      4;      5;      7;      3;      4; info:      277.0866 cm-1
  225     57     39        401.24530000     1.9270000E-02             quant:      6;      5;      1;      6;      2;      4; info:      278.8767 cm-1
  226     40     23        401.89520000     7.3650000E-03             quant:      5;      4;      2;      5;      1;      5; info:      279.3284 cm-1
  227     33     15        401.94380000     2.0910000E-01             quant:      5;      3;      3;      4;      0;      4; info:      279.3622 cm-1
  228     62     42        403.31790000     4.3410000E+00             quant:      7;      4;      3;      6;      3;      4; info:      280.3172 cm-1
  229     88     70        403.48880000     1.3440000E-01             quant:      9;      4;      5;      9;      1;      8; info:      280.4360 cm-1
  230     87     67        413.14880000     4.2540000E+00             quant:      9;      4;      6;      8;      3;      5; info:      287.1500 cm-1
  231     47     29        415.12630000     4.4840000E-03             quant:      5;      5;      0;      5;      2;      3; info:      288.5244 cm-1
  232     46     28        415.57030000     1.7310000E-05             quant:      5;      5;      1;      6;      0;      6; info:      288.8330 cm-1
  233     54     36        415.95250000     1.6880000E+00             quant:      7;      3;      4;      6;      2;      5; info:      289.0986 cm-1
  234     56     37        426.31150000     5.5490000E-05             quant:      6;      5;      2;      7;      0;      7; info:      296.2984 cm-1
  235     68     51        429.91450000     7.9610000E+00             quant:      7;      5;      3;      6;      4;      2; info:      298.8026 cm-1
  236     65     47        430.93390000     1.2250000E+01             quant:      6;      6;      1;      5;      5;      0; info:      299.5111 cm-1
  237     66     46        430.94060000     1.2260000E+01             quant:      6;      6;      0;      5;      5;      1; info:      299.5158 cm-1
  238     69     50        431.88200000     8.0430000E+00             quant:      7;      5;      2;      6;      4;      3; info:      300.1701 cm-1
  239     50     30        439.81930000     1.3040000E-02             quant:      6;      4;      3;      6;      1;      6; info:      305.6867 cm-1
  240     67     48        440.86960000     3.1420000E-02             quant:      8;      3;      5;      8;      0;      8; info:      306.4167 cm-1
  241     31     12        445.68060000     1.7210000E-02             quant:      4;      4;      1;      3;      1;      2; info:      309.7605 cm-1
  242     68     48        446.13700000     1.0310000E-04             quant:      7;      5;      3;      8;      0;      8; info:      310.0777 cm-1
  243     75     53        451.31620000     4.5130000E+00             quant:      8;      4;      4;      7;      3;      5; info:      313.6774 cm-1
  244     46     27        459.70970000     3.6720000E-03             quant:      5;      5;      1;      5;      2;      4; info:      319.5111 cm-1
  245     80     62        461.37460000     8.3830000E+00             quant:      8;      5;      4;      7;      4;      3; info:      320.6683 cm-1
  246     42     22        462.33500000     3.4290000E-01             quant:      6;      3;      4;      5;      0;      5; info:      321.3358 cm-1
  247     77     57        466.24670000     1.3050000E+01             quant:      7;      6;      2;      6;      5;      1; info:      324.0545 cm-1
  248     78     56        466.31040000     1.3050000E+01             quant:      7;      6;      1;      6;      5;      2; info:      324.0988 cm-1
  249     77     55        467.13830000     7.9320000E-05             quant:      7;      6;      2;      8;      1;      7; info:      324.6742 cm-1
  250     81     61        468.05350000     8.6320000E+00             quant:      8;      5;      3;      7;      4;      4; info:      325.3103 cm-1
  251     56     36        474.26200000     1.2720000E-02             quant:      6;      5;      2;      6;      2;      5; info:      329.6254 cm-1
  252     40     17        474.42820000     8.7040000E-02             quant:      5;      4;      2;      4;      1;      3; info:      329.7409 cm-1
  253     80     59        474.95930000     1.4650000E-04             quant:      8;      5;      4;      9;      0;      9; info:      330.1100 cm-1
  254     65     44        476.95890000     1.8220000E-05             quant:      6;      6;      1;      7;      1;      6; info:      331.4998 cm-1
  255     52     30        482.14830000     4.9020000E-01             quant:      7;      2;      5;      6;      1;      6; info:      335.1066 cm-1
  256     61     38        486.18080000     1.8060000E-02             quant:      7;      4;      4;      7;      1;      7; info:      337.9093 cm-1
  257     67     45        490.24100000     1.7050000E+00             quant:      8;      3;      5;      7;      2;      6; info:      340.7312 cm-1
  258     32     11        490.77810000     8.2570000E-03             quant:      4;      4;      0;      3;      1;      3; info:      341.1045 cm-1
  259     68     45        495.50840000     2.6690000E-02             quant:      7;      5;      3;      7;      2;      6; info:      344.3922 cm-1
  260     90     66        497.52100000     1.9570000E+01             quant:      7;      7;      1;      6;      6;      0; info:      345.7910 cm-1
  261     89     65        497.52240000     1.9580000E+01             quant:      7;      7;      0;      6;      6;      1; info:      345.7920 cm-1
  262     50     26        507.42190000     2.7010000E-01             quant:      6;      4;      3;      5;      1;      4; info:      352.6724 cm-1
  263     88     64        508.60250000     4.5020000E+00             quant:      9;      4;      5;      8;      3;      6; info:      353.4930 cm-1
  264     82     59        523.05810000     2.7920000E-02             quant:      9;      3;      6;      9;      0;      9; info:      363.5400 cm-1
  265     80     58        524.37310000     4.3170000E-02             quant:      8;      5;      4;      8;      2;      7; info:      364.4540 cm-1
  266     78     54        524.62000000     1.4480000E-02             quant:      7;      6;      1;      7;      3;      4; info:      364.6256 cm-1
  267     53     28        529.35330000     4.7130000E-01             quant:      7;      3;      5;      6;      0;      6; info:      367.9154 cm-1
  268     66     43        538.94950000     3.7190000E-03             quant:      6;      6;      0;      6;      3;      3; info:      374.5850 cm-1
  269     74     49        540.46370000     2.1680000E-02             quant:      8;      4;      5;      8;      1;      8; info:      375.6374 cm-1
  270     61     35        547.77020000     6.0290000E-01             quant:      7;      4;      4;      6;      1;      5; info:      380.7156 cm-1
  271     41     16        548.12800000     2.6070000E-02             quant:      5;      4;      1;      4;      1;      4; info:      380.9643 cm-1
  272     65     42        557.97970000     3.7170000E-03             quant:      6;      6;      1;      6;      3;      4; info:      387.8115 cm-1
  273     77     53        563.15340000     1.3820000E-02             quant:      7;      6;      2;      7;      3;      5; info:      391.4074 cm-1
  274     63     38        570.10050000     5.7610000E-01             quant:      8;      2;      6;      7;      1;      7; info:      396.2358 cm-1
  275     82     58        572.47190000     1.7790000E+00             quant:      9;      3;      6;      8;      2;      7; info:      397.8840 cm-1
  276     90     63        573.73770000     8.0870000E-06             quant:      7;      7;      1;      8;      2;      6; info:      398.7638 cm-1
  277     47     22        589.38090000     2.6430000E-04             quant:      5;      5;      0;      5;      0;      5; info:      409.6362 cm-1
  278     74     44        597.01450000     1.0340000E+00             quant:      8;      4;      5;      7;      1;      6; info:      414.9418 cm-1
  279     64     37        601.31130000     5.9140000E-01             quant:      8;      3;      6;      7;      0;      7; info:      417.9282 cm-1
  280     87     60        601.68180000     2.3910000E-02             quant:      9;      4;      6;      9;      1;      9; info:      418.1857 cm-1
  281     46     21        603.16970000     1.5360000E-02             quant:      5;      5;      1;      4;      2;      2; info:      419.2198 cm-1
  282     51     23        614.32300000     4.8260000E-02             quant:      6;      4;      2;      5;      1;      5; info:      426.9717 cm-1
  283     56     29        625.75570000     6.5700000E-02             quant:      6;      5;      2;      5;      2;      3; info:      434.9177 cm-1
  284     47     20        625.96440000     1.3770000E-02             quant:      5;      5;      0;      4;      2;      3; info:      435.0628 cm-1
  285     57     28        626.26010000     9.7580000E-04             quant:      6;      5;      1;      6;      0;      6; info:      435.2683 cm-1
  286     66     38        646.31730000     1.5690000E-06             quant:      6;      6;      0;      7;      1;      7; info:      449.2086 cm-1
  287     68     39        647.09940000     1.9620000E-01             quant:      7;      5;      3;      6;      2;      4; info:      449.7522 cm-1
  288     89     62        652.18420000     3.4000000E-03             quant:      7;      7;      0;      7;      4;      3; info:      453.2863 cm-1
  289     87     55        654.62720000     1.4740000E+00             quant:      9;      4;      6;      8;      1;      7; info:      454.9842 cm-1
  290     90     61        657.65740000     3.4230000E-03             quant:      7;      7;      1;      7;      4;      4; info:      457.0903 cm-1
  291     76     49        657.81720000     6.8540000E-01             quant:      9;      2;      7;      8;      1;      8; info:      457.2014 cm-1
  292     78     49        666.41400000     5.8060000E-06             quant:      7;      6;      1;      8;      1;      8; info:      463.1764 cm-1
  293     80     52        670.35460000     4.9020000E-01             quant:      8;      5;      4;      7;      2;      5; info:      465.9152 cm-1
  294     57     27        670.39950000     4.8860000E-02             quant:      6;      5;      1;      5;      2;      4; info:      465.9464 cm-1
  295     69     37        672.52710000     1.9720000E-03             quant:      7;      5;      2;      7;      0;      7; info:      467.4252 cm-1
  296     79     48        676.62410000     7.0770000E-01             quant:      9;      3;      7;      8;      0;      8; info:      470.2727 cm-1
  297     62     30        691.12830000     6.4540000E-02             quant:      7;      4;      3;      6;      1;      6; info:      480.3535 cm-1
  298     66     35        707.90660000     2.2880000E-04             quant:      6;      6;      0;      6;      1;      5; info:      492.0149 cm-1
  299     89     58        715.18270000     1.8650000E-06             quant:      7;      7;      0;      8;      2;      7; info:      497.0720 cm-1
  300     69     36        720.47770000     1.0820000E-01             quant:      7;      5;      2;      6;      2;      5; info:      500.7522 cm-1
  301     78     44        722.96480000     1.2720000E-03             quant:      7;      6;      1;      7;      1;      6; info:      502.4808 cm-1
  302     81     48        728.45080000     2.8820000E-03             quant:      8;      5;      3;      8;      0;      8; info:      506.2937 cm-1
  303     46     15        737.30150000     6.5230000E-04             quant:      5;      5;      1;      4;      0;      4; info:      512.4452 cm-1
  304     65     34        758.91230000     1.6800000E-02             quant:      6;      6;      1;      5;      3;      2; info:      527.4653 cm-1
  305     66     33        766.29830000     1.6730000E-02             quant:      6;      6;      0;      5;      3;      3; info:      532.5988 cm-1
  306     81     45        777.82220000     1.8320000E-01             quant:      8;      5;      3;      7;      2;      6; info:      540.6082 cm-1
  307     75     38        780.47590000     6.6830000E-02             quant:      8;      4;      4;      7;      1;      7; info:      542.4526 cm-1
  308     77     43        784.94540000     6.1720000E-02             quant:      7;      6;      2;      6;      3;      3; info:      545.5590 cm-1
  309     56     22        800.01020000     2.8820000E-03             quant:      6;      5;      2;      5;      0;      5; info:      556.0295 cm-1
  310     78     42        803.98560000     5.9850000E-02             quant:      7;      6;      1;      6;      3;      4; info:      558.7925 cm-1
  311     65     30        845.79010000     2.1170000E-05             quant:      6;      6;      1;      6;      1;      6; info:      587.8478 cm-1
  312     89     52        861.16420000     8.2160000E-05             quant:      7;      7;      0;      7;      2;      5; info:      598.5332 cm-1
  313     68     28        872.11420000     6.6010000E-03             quant:      7;      5;      3;      6;      0;      6; info:      606.1438 cm-1
  314     88     49        883.70600000     5.6670000E-02             quant:      9;      4;      5;      8;      1;      8; info:      614.2004 cm-1
  315     77     38        892.31310000     8.4800000E-05             quant:      7;      6;      2;      7;      1;      7; info:      620.1826 cm-1
  316     90     51        901.83220000     1.8700000E-02             quant:      7;      7;      1;      6;      4;      2; info:      626.7986 cm-1
  317     89     50        903.49320000     1.8700000E-02             quant:      7;      7;      0;      6;      4;      3; info:      627.9531 cm-1
  318     65     26        913.39270000     4.3540000E-04             quant:      6;      6;      1;      5;      1;      4; info:      634.8335 cm-1
  319     80     37        953.32880000     1.0720000E-02             quant:      8;      5;      4;      7;      0;      7; info:      662.5902 cm-1
  320     77     35        953.90240000     3.0830000E-03             quant:      7;      6;      2;      6;      1;      5; info:      662.9889 cm-1
  321     90     45        967.42610000     2.4650000E-05             quant:      7;      7;      1;      7;      2;      6; info:      672.3882 cm-1
  322     66     23       1018.63420000     5.8300000E-05             quant:      6;      6;      0;      5;      1;      5; info:      707.9793 cm-1
  323     78     30       1091.79600000     2.5630000E-04             quant:      7;      6;      1;      6;      1;      6; info:      758.8288 cm-1
  324     90     39       1119.01710000     1.5350000E-04             quant:      7;      7;      1;      6;      2;      4; info:      777.7482 cm-1
  325     89     37       1144.13840000     9.3750000E-07             quant:      7;      7;      0;      7;      0;      7; info:      795.2082 cm-1
  326     89     36       1192.08900000     6.8360000E-05             quant:      7;      7;      0;      6;      2;      5; info:      828.5352 cm-1
  327     90     28       1344.03190000     2.7280000E-06             quant:      7;      7;      1;      6;      0;      6; info:      934.1398 cm-1
