#59        # Number of transitions
#K         # Unit energy of transitions
#   n     nu     nl                E(K)          Aij(s-1)             quant:   Nu    Ju    Nl    Jl    info:    E(GHz)
#---data------------------------------------------------------------------------------------------------------------------------
    1      2      1          5.43123998     1.1820000E-05             quant:    1;  0.5;    0;  0.5;   info:   113.1686723 GHz
    2      3      1          5.44689742     1.1930000E-05             quant:    1;  1.5;    0;  0.5;   info:   113.4949205 GHz
    3      4      3         10.86225855     1.8920000E-05             quant:    2;  1.5;    1;  1.5;   info:   226.3327313 GHz
    4      4      2         10.87791600     9.4990000E-05             quant:    2;  1.5;    1;  0.5;   info:   226.6589795 GHz
    5      5      3         10.88835429     1.1430000E-04             quant:    2;  2.5;    1;  1.5;   info:   226.8764783 GHz
    6      6      5         16.29283432     2.7360000E-05             quant:    3;  2.5;    2;  2.5;   info:   339.4875637 GHz
    7      6      4         16.31893006     3.8490000E-04             quant:    3;  2.5;    2;  1.5;   info:   340.0313107 GHz
    8      7      5         16.32936836     4.1310000E-04             quant:    3;  3.5;    2;  2.5;   info:   340.2488095 GHz
    9      8      7         21.72274587     3.6020000E-05             quant:    4;  3.5;    3;  3.5;   info:   452.6285561 GHz
   10      8      6         21.75927991     9.7750000E-04             quant:    4;  3.5;    3;  2.5;   info:   453.3898019 GHz
   11      9      7         21.76971821     1.0150000E-03             quant:    4;  4.5;    3;  3.5;   info:   453.6073007 GHz
   12     10      9         27.15177181     4.4760000E-05             quant:    5;  4.5;    4;  4.5;   info:   565.7510954 GHz
   13     10      8         27.19874415     1.9800000E-03             quant:    5;  4.5;    4;  3.5;   info:   566.7298400 GHz
   14     11      9         27.20918245     2.0270000E-03             quant:    5;  5.5;    4;  4.5;   info:   566.9473388 GHz
   15     12     11         32.57969074     5.3540000E-05             quant:    6;  5.5;    5;  5.5;   info:   678.8505681 GHz
   16     12     10         32.63710137     3.4980000E-03             quant:    6;  5.5;    5;  4.5;   info:   680.0468115 GHz
   17     13     11         32.64753966     3.5560000E-03             quant:    6;  6.5;    5;  5.5;   info:   680.2643103 GHz
   18     14     13         38.00628124     6.2330000E-05             quant:    7;  6.5;    6;  6.5;   info:   791.9223610 GHz
   19     14     12         38.07413016     5.6400000E-03             quant:    7;  6.5;    6;  5.5;   info:   793.3361032 GHz
   20     15     13         38.08456846     5.7070000E-03             quant:    7;  7.5;    6;  6.5;   info:   793.5536020 GHz
   21     16     15         43.43132191     7.1130000E-05             quant:    8;  7.5;    7;  7.5;   info:   904.9618608 GHz
   22     16     14         43.50960914     8.5100000E-03             quant:    8;  7.5;    7;  6.5;   info:   906.5931018 GHz
   23     17     15         43.52004743     8.5880000E-03             quant:    8;  8.5;    7;  7.5;   info:   906.8106006 GHz
   24     18     17         48.85459136     7.9920000E-05             quant:    9;  8.5;    8;  8.5;   info:  1017.9644542 GHz
   25     18     16         48.94331688     1.2210000E-02             quant:    9;  8.5;    8;  7.5;   info:  1019.8131940 GHz
   26     19     17         48.95375518     1.2300000E-02             quant:    9;  9.5;    8;  8.5;   info:  1020.0306928 GHz
   27     20     19         54.27586817     8.8720000E-05             quant:   10;  9.5;    9;  9.5;   info:  1130.9255278 GHz
   28     20     18         54.37503199     1.6860000E-02             quant:   10;  9.5;    9;  8.5;   info:  1132.9917664 GHz
   29     21     19         54.38547028     1.6960000E-02             quant:   10; 10.5;    9;  9.5;   info:  1133.2092652 GHz
   30     22     21         59.69493095     9.7500000E-05             quant:   11; 10.5;   10; 10.5;   info:  1243.8404684 GHz
   31     22     20         59.80453306     2.2550000E-02             quant:   11; 10.5;   10;  9.5;   info:  1246.1242058 GHz
   32     23     21         59.81497136     2.2660000E-02             quant:   11; 11.5;   10; 10.5;   info:  1246.3417046 GHz
   33     24     23         65.11155828     1.0630000E-04             quant:   12; 11.5;   11; 11.5;   info:  1356.7046626 GHz
   34     24     22         65.23159869     2.9390000E-02             quant:   12; 11.5;   11; 10.5;   info:  1359.2058988 GHz
   35     25     23         65.24203699     2.9510000E-02             quant:   12; 12.5;   11; 11.5;   info:  1359.4233976 GHz
   36     26     25         70.52552877     1.1510000E-04             quant:   13; 12.5;   12; 12.5;   info:  1469.5134972 GHz
   37     26     24         70.65600748     3.7480000E-02             quant:   13; 12.5;   12; 11.5;   info:  1472.2322322 GHz
   38     27     25         70.66644577     3.7620000E-02             quant:   13; 13.5;   12; 12.5;   info:  1472.4497310 GHz
   39     28     27         75.93662102     1.2380000E-04             quant:   14; 13.5;   13; 13.5;   info:  1582.2623589 GHz
   40     28     26         76.07753802     4.6940000E-02             quant:   14; 13.5;   13; 12.5;   info:  1585.1985927 GHz
   41     29     27         76.08797632     4.7080000E-02             quant:   14; 14.5;   13; 13.5;   info:  1585.4160915 GHz
   42     30     29         81.34461361     1.3260000E-04             quant:   15; 14.5;   14; 14.5;   info:  1694.9466343 GHz
   43     30     28         81.49596891     5.7850000E-02             quant:   15; 14.5;   14; 13.5;   info:  1698.1003669 GHz
   44     31     29         81.50640721     5.8000000E-02             quant:   15; 15.5;   14; 14.5;   info:  1698.3178657 GHz
   45     32     31         86.74928514     1.4130000E-04             quant:   16; 15.5;   15; 15.5;   info:  1807.5617101 GHz
   46     32     30         86.91107874     7.0330000E-02             quant:   16; 15.5;   15; 14.5;   info:  1810.9329415 GHz
   47     33     31         86.92151704     7.0490000E-02             quant:   16; 16.5;   15; 15.5;   info:  1811.1504403 GHz
   48     34     33         92.15041422     1.5000000E-04             quant:   17; 16.5;   16; 16.5;   info:  1920.1029731 GHz
   49     34     32         92.32264612     8.4470000E-02             quant:   17; 16.5;   16; 15.5;   info:  1923.6917033 GHz
   50     35     33         92.33308441     8.4650000E-02             quant:   17; 17.5;   16; 16.5;   info:  1923.9092021 GHz
   51     36     35         97.54777944     1.5870000E-04             quant:   18; 17.5;   17; 17.5;   info:  2032.5658099 GHz
   52     36     34         97.73044963     1.0040000E-01             quant:   18; 17.5;   17; 16.5;   info:  2036.3720389 GHz
   53     37     35         97.74088792     1.0060000E-01             quant:   18; 18.5;   17; 17.5;   info:  2036.5895377 GHz
   54     38     37        102.94115939     1.6740000E-04             quant:   19; 18.5;   18; 18.5;   info:  2144.9456073 GHz
   55     38     36        103.13426788     1.1820000E-01             quant:   19; 18.5;   18; 17.5;   info:  2148.9693351 GHz
   56     39     37        103.14470617     1.1840000E-01             quant:   19; 19.5;   18; 18.5;   info:  2149.1868339 GHz
   57     40     39        108.33033267     1.7600000E-04             quant:   20; 19.5;   19; 19.5;   info:  2257.2377519 GHz
   58     40     38        108.53387945     1.3790000E-01             quant:   20; 19.5;   19; 18.5;   info:  2261.4789785 GHz
   59     41     39        108.54431775     1.3810000E-01             quant:   20; 20.5;   19; 19.5;   info:  2261.6964773 GHz
#---end--------------------------------------------------------------------------------------------------------------------------
#Reference:     Lamda database (http://home.strw.leidenuniv.nl/~moldata/)
#               Klisch et al. 1995
#Datafile date: 28th December 2016
