#122       # Number of transitions
#K         # Unit energy transitions
#   n     nu     nl                E(K)        Aij(s-1)                 quant:    Nu   Ju   Fu     Nd   Jd   Fd          Description
#---data-------------------------------------------------------------------------------------------------------------------------------------------
    1      3      2           4.1889711      2.5920e-07                 quant:  1.0;  1.5;  1.0;  0.0;  0.5;  1.0;         info:     87284.10500 MHz
    2      4      2           4.1905450      1.5274e-06                 quant:  1.0;  1.5;  2.0;  0.0;  0.5;  1.0;         info:     87316.89800 MHz
    3      3      1           4.1911058      1.2684e-06                 quant:  1.0;  1.5;  1.0;  0.0;  0.5;  0.0;         info:     87328.58500 MHz
    4      5      2           4.1946287      1.2715e-06                 quant:  1.0;  0.5;  1.0;  0.0;  0.5;  1.0;         info:     87401.98900 MHz
    5      6      2           4.1948771      1.5324e-06                 quant:  1.0;  0.5;  0.0;  0.0;  0.5;  1.0;         info:     87407.16500 MHz
    6      5      1           4.1967634      2.6064e-07                 quant:  1.0;  0.5;  1.0;  0.0;  0.5;  0.0;         info:     87446.47000 MHz
    7      7      5           8.3770567      5.5483e-08                 quant:  2.0;  2.5;  2.0;  1.0;  0.5;  1.0;         info:    174549.75730 MHz
    8      7      4           8.3811410      1.0034e-06                 quant:  2.0;  2.5;  2.0;  1.0;  1.5;  2.0;         info:    174634.86100 MHz
    9      8      4           8.3825010      1.4669e-05                 quant:  2.0;  2.5;  3.0;  1.0;  1.5;  2.0;         info:    174663.19900 MHz
   10      7      3           8.3827136      1.3613e-05                 quant:  2.0;  2.5;  2.0;  1.0;  1.5;  1.0;         info:    174667.62900 MHz
   11      9      5           8.3853107      1.1582e-05                 quant:  2.0;  1.5;  2.0;  1.0;  0.5;  1.0;         info:    174721.74400 MHz
   12     10      6           8.3856144      8.1594e-06                 quant:  2.0;  1.5;  1.0;  1.0;  0.5;  0.0;         info:    174728.07100 MHz
   13     10      5           8.3858610      5.0801e-06                 quant:  2.0;  1.5;  1.0;  1.0;  0.5;  1.0;         info:    174733.21000 MHz
   14      9      4           8.3893949      2.6705e-06                 quant:  2.0;  1.5;  2.0;  1.0;  1.5;  2.0;         info:    174806.84300 MHz
   15      9      3           8.3909686      4.3780e-07                 quant:  2.0;  1.5;  2.0;  1.0;  1.5;  1.0;         info:    174839.63560 MHz
   16     10      3           8.3915193      1.0420e-06                 quant:  2.0;  1.5;  1.0;  1.0;  1.5;  1.0;         info:    174851.10850 MHz
   17     11      9          12.5660570      6.2935e-08                 quant:  3.0;  3.5;  3.0;  2.0;  1.5;  2.0;         info:    261834.46950 MHz
   18     11      8          12.5729511      1.9517e-06                 quant:  3.0;  3.5;  3.0;  2.0;  2.5;  3.0;         info:    261978.12050 MHz
   19     12      8          12.5742056      5.3054e-05                 quant:  3.0;  3.5;  4.0;  2.0;  2.5;  3.0;         info:    262004.26000 MHz
   20     11      7          12.5743123      5.1047e-05                 quant:  3.0;  3.5;  3.0;  2.0;  2.5;  2.0;         info:    262006.48200 MHz
   21     13      9          12.5771200      4.8751e-05                 quant:  3.0;  2.5;  3.0;  2.0;  1.5;  2.0;         info:    262064.98600 MHz
   22     14     10          12.5772392      4.4597e-05                 quant:  3.0;  2.5;  2.0;  2.0;  1.5;  1.0;         info:    262067.46900 MHz
   23     14      9          12.5777894      5.9997e-06                 quant:  3.0;  2.5;  2.0;  2.0;  1.5;  2.0;         info:    262078.93370 MHz
   24     13      8          12.5840130      3.9519e-06                 quant:  3.0;  2.5;  3.0;  2.0;  2.5;  3.0;         info:    262208.61360 MHz
   25     14      8          12.5846836      2.3636e-07                 quant:  3.0;  2.5;  2.0;  2.0;  2.5;  3.0;         info:    262222.58470 MHz
   26     13      7          12.5853733      4.0259e-07                 quant:  3.0;  2.5;  3.0;  2.0;  2.5;  2.0;         info:    262236.95700 MHz
   27     14      7          12.5860438      2.2657e-06                 quant:  3.0;  2.5;  2.0;  2.0;  2.5;  2.0;         info:    262250.92810 MHz
   28     15     13          16.7545444      5.7424e-08                 quant:  4.0;  4.5;  4.0;  3.0;  2.5;  3.0;         info:    349108.49620 MHz
   29     15     12          16.7643511      2.9836e-06                 quant:  4.0;  4.5;  4.0;  3.0;  3.5;  4.0;         info:    349312.83320 MHz
   30     16     12          16.7655448      1.3041e-04                 quant:  4.0;  4.5;  5.0;  3.0;  3.5;  4.0;         info:    349337.70680 MHz
   31     15     11          16.7656064      1.2737e-04                 quant:  4.0;  4.5;  4.0;  3.0;  3.5;  3.0;         info:    349338.98930 MHz
   32     17     13          16.7684996      1.2499e-04                 quant:  4.0;  3.5;  4.0;  3.0;  2.5;  3.0;         info:    349399.27380 MHz
   33     18     14          16.7685665      1.1984e-04                 quant:  4.0;  3.5;  3.0;  3.0;  2.5;  2.0;         info:    349400.66930 MHz
   34     18     13          16.7692370      7.0150e-06                 quant:  4.0;  3.5;  3.0;  3.0;  2.5;  3.0;         info:    349414.64040 MHz
   35     17     12          16.7783062      5.1786e-06                 quant:  4.0;  3.5;  4.0;  3.0;  3.5;  4.0;         info:    349603.61080 MHz
   36     18     12          16.7790436      1.6676e-07                 quant:  4.0;  3.5;  3.0;  3.0;  3.5;  4.0;         info:    349618.97740 MHz
   37     17     11          16.7795615      3.4359e-07                 quant:  4.0;  3.5;  4.0;  3.0;  3.5;  3.0;         info:    349629.76690 MHz
   38     18     11          16.7802989      3.4794e-06                 quant:  4.0;  3.5;  3.0;  3.0;  3.5;  3.0;         info:    349645.13340 MHz
   39     19     16          20.9552423      4.0567e-06                 quant:  5.0;  5.5;  5.0;  4.0;  4.5;  5.0;         info:    436636.94740 MHz
   40     20     16          20.9563958      2.6052e-04                 quant:  5.0;  5.5;  6.0;  4.0;  4.5;  5.0;         info:    436660.98120 MHz
   41     19     15          20.9564361      2.5638e-04                 quant:  5.0;  5.5;  5.0;  4.0;  4.5;  4.0;         info:    436661.82100 MHz
   42     21     17          20.9593728      2.5397e-04                 quant:  5.0;  4.5;  5.0;  4.0;  3.5;  4.0;         info:    436723.01290 MHz
   43     22     18          20.9594157      2.4776e-04                 quant:  5.0;  4.5;  4.0;  4.0;  3.5;  3.0;         info:    436723.90710 MHz
   44     22     17          20.9601532      8.0768e-06                 quant:  5.0;  4.5;  4.0;  4.0;  3.5;  4.0;         info:    436739.27370 MHz
   45     21     16          20.9721342      6.3772e-06                 quant:  5.0;  4.5;  5.0;  4.0;  4.5;  5.0;         info:    436988.91690 MHz
   46     22     16          20.9729146      1.2894e-07                 quant:  5.0;  4.5;  4.0;  4.0;  4.5;  5.0;         info:    437005.17770 MHz
   47     21     15          20.9733279      2.9374e-07                 quant:  5.0;  4.5;  5.0;  4.0;  4.5;  4.0;         info:    437013.79050 MHz
   48     22     15          20.9741083      4.6743e-06                 quant:  5.0;  4.5;  4.0;  4.0;  4.5;  4.0;         info:    437030.05120 MHz
   49     23     20          25.1455131      5.1513e-06                 quant:  6.0;  6.5;  6.0;  5.0;  5.5;  6.0;         info:    523948.13170 MHz
   50     24     20          25.1466381      4.5697e-04                 quant:  6.0;  6.5;  7.0;  5.0;  5.5;  6.0;         info:    523971.57300 MHz
   51     23     19          25.1466665      4.5179e-04                 quant:  6.0;  6.5;  6.0;  5.0;  5.5;  5.0;         info:    523972.16540 MHz
   52     25     21          25.1496294      4.4939e-04                 quant:  6.0;  5.5;  6.0;  5.0;  4.5;  5.0;         info:    524033.90280 MHz
   53     26     22          25.1496593      4.4205e-04                 quant:  6.0;  5.5;  5.0;  5.0;  4.5;  4.0;         info:    524034.52560 MHz
   54     26     21          25.1504397      9.1660e-06                 quant:  6.0;  5.5;  5.0;  5.0;  4.5;  5.0;         info:    524050.78640 MHz
   55     25     20          25.1653679      7.5593e-06                 quant:  6.0;  5.5;  6.0;  5.0;  5.5;  6.0;         info:    524361.83850 MHz
   56     25     19          25.1665213      2.5456e-07                 quant:  6.0;  5.5;  6.0;  5.0;  5.5;  5.0;         info:    524385.87220 MHz
   57     26     19          25.1673316      5.8568e-06                 quant:  6.0;  5.5;  5.0;  5.0;  5.5;  5.0;         info:    524402.75590 MHz
   58     27     24          29.3350463      6.2602e-06                 quant:  7.0;  7.5;  7.0;  6.0;  6.5;  7.0;         info:    611243.94820 MHz
   59     28     24          29.3361623      7.3358e-04                 quant:  7.0;  7.5;  8.0;  6.0;  6.5;  7.0;         info:    611267.20100 MHz
   60     27     23          29.3361623      7.2728e-04                 quant:  7.0;  7.5;  7.0;  6.0;  6.5;  6.0;         info:    611267.20100 MHz
   61     29     25          29.3391621      7.2490e-04                 quant:  7.0;  6.5;  7.0;  6.0;  5.5;  6.0;         info:    611329.70800 MHz
   62     30     26          29.3391621      7.1652e-04                 quant:  7.0;  6.5;  6.0;  6.0;  5.5;  5.0;         info:    611329.70800 MHz
   63     30     25          29.3399846      1.0267e-05                 quant:  7.0;  6.5;  6.0;  6.0;  5.5;  6.0;         info:    611346.84550 MHz
   64     29     24          29.3578820      8.7305e-06                 quant:  7.0;  6.5;  7.0;  6.0;  6.5;  7.0;         info:    611719.76790 MHz
   65     29     23          29.3590070      2.2390e-07                 quant:  7.0;  6.5;  7.0;  6.0;  6.5;  6.0;         info:    611743.20920 MHz
   66     30     23          29.3598393      7.0294e-06                 quant:  7.0;  6.5;  6.0;  6.0;  6.5;  6.0;         info:    611760.55230 MHz
   67     31     28          33.5237227      7.3763e-06                 quant:  8.0;  8.5;  8.0;  7.0;  7.5;  8.0;         info:    698521.91210 MHz
   68     32     28          33.5248201      1.1042e-03                 quant:  8.0;  8.5;  9.0;  7.0;  7.5;  8.0;         info:    698544.77800 MHz
   69     31     27          33.5248201      1.0966e-03                 quant:  8.0;  8.5;  8.0;  7.0;  7.5;  7.0;         info:    698544.77800 MHz
   70     33     29          33.5278282      1.0943e-03                 quant:  8.0;  7.5;  8.0;  7.0;  6.5;  7.0;         info:    698607.45700 MHz
   71     34     30          33.5278282      1.0849e-03                 quant:  8.0;  7.5;  7.0;  7.0;  6.5;  6.0;         info:    698607.45700 MHz
   72     34     29          33.5286707      1.1382e-05                 quant:  8.0;  7.5;  7.0;  7.0;  6.5;  7.0;         info:    698625.01150 MHz
   73     33     28          33.5495532      9.8967e-06                 quant:  8.0;  7.5;  8.0;  7.0;  7.5;  8.0;         info:    699060.13380 MHz
   74     34     27          33.5515064      8.1956e-06                 quant:  8.0;  7.5;  7.0;  7.0;  7.5;  7.0;         info:    699100.83120 MHz
   75     35     32          37.7114219      8.4988e-06                 quant:  9.0;  9.5;  9.0;  8.0;  8.5;  9.0;         info:    785779.51410 MHz
   76     36     32          37.7125054      1.5820e-03                 quant:  9.0;  9.5; 10.0;  8.0;  8.5;  9.0;         info:    785802.09000 MHz
   77     35     31          37.7125054      1.5735e-03                 quant:  9.0;  9.5;  9.0;  8.0;  8.5;  8.0;         info:    785802.09000 MHz
   78     37     33          37.7155231      1.5713e-03                 quant:  9.0;  8.5;  9.0;  8.0;  7.5;  8.0;         info:    785864.96900 MHz
   79     38     34          37.7155231      1.5605e-03                 quant:  9.0;  8.5;  8.0;  8.0;  7.5;  7.0;         info:    785864.96900 MHz
   80     38     33          37.7163787      1.2499e-05                 quant:  9.0;  8.5;  8.0;  8.0;  7.5;  8.0;         info:    785882.79730 MHz
   81     37     32          37.7402590      1.1056e-05                 quant:  9.0;  8.5;  9.0;  8.0;  8.5;  9.0;         info:    786380.38170 MHz
   82     38     31          37.7422093      9.3571e-06                 quant:  9.0;  8.5;  8.0;  8.0;  8.5;  8.0;         info:    786421.01900 MHz
   83     39     36          41.8980228      9.6243e-06                 quant: 10.0; 10.5; 10.0;  9.0;  9.5; 10.0;         info:    873014.23060 MHz
   84     40     36          41.8990863      2.1811e-03                 quant: 10.0; 10.5; 11.0;  9.0;  9.5; 10.0;         info:    873036.39100 MHz
   85     39     35          41.8990863      2.1716e-03                 quant: 10.0; 10.5; 10.0;  9.0;  9.5;  9.0;         info:    873036.39100 MHz
   86     41     37          41.9021168      2.1690e-03                 quant: 10.0;  9.5; 10.0;  9.0;  8.5;  9.0;         info:    873099.53700 MHz
   87     42     38          41.9021168      2.1574e-03                 quant: 10.0;  9.5;  9.0;  9.0;  8.5;  8.0;         info:    873099.53700 MHz
   88     42     37          41.9029881      1.3622e-05                 quant: 10.0;  9.5;  9.0;  9.0;  8.5;  9.0;         info:    873117.69120 MHz
   89     41     36          41.9298770      1.2213e-05                 quant: 10.0;  9.5; 10.0;  9.0;  9.5; 10.0;         info:    873677.96470 MHz
   90     42     35          41.9318252      1.0515e-05                 quant: 10.0;  9.5;  9.0;  9.0;  9.5;  9.0;         info:    873718.55880 MHz
   91     43     40          46.0834038      1.0751e-05                 quant: 11.0; 11.5; 11.0; 10.0; 10.5; 11.0;         info:    960223.52860 MHz
   92     44     40          46.0844687      2.9149e-03                 quant: 11.0; 11.5; 12.0; 10.0; 10.5; 11.0;         info:    960245.71800 MHz
   93     43     39          46.0844687      2.9043e-03                 quant: 11.0; 11.5; 11.0; 10.0; 10.5; 10.0;         info:    960245.71800 MHz
   94     45     41          46.0874994      2.9021e-03                 quant: 11.0; 10.5; 11.0; 10.0;  9.5; 10.0;         info:    960308.86700 MHz
   95     46     42          46.0874994      2.8888e-03                 quant: 11.0; 10.5; 10.0; 10.0;  9.5;  9.0;         info:    960308.86700 MHz
   96     46     41          46.0883776      1.4745e-05                 quant: 11.0; 10.5; 10.0; 10.0;  9.5; 10.0;         info:    960327.16690 MHz
   97     45     40          46.1182851      1.3365e-05                 quant: 11.0; 10.5; 11.0; 10.0; 10.5; 11.0;         info:    960950.33900 MHz
   98     46     39          46.1202318      1.1668e-05                 quant: 11.0; 10.5; 10.0; 10.0; 10.5; 10.0;         info:    960990.90100 MHz
   99     47     44          50.2674429      1.1880e-05                 quant: 12.0; 12.5; 12.0; 11.0; 11.5; 12.0;         info:   1047404.86800 MHz
  100     48     44          50.2684901      3.7966e-03                 quant: 12.0; 12.5; 13.0; 11.0; 11.5; 12.0;         info:   1047426.68760 MHz
  101     47     43          50.2684977      3.7847e-03                 quant: 12.0; 12.5; 12.0; 11.0; 11.5; 11.0;         info:   1047426.84580 MHz
  102     49     45          50.2715348      3.7827e-03                 quant: 12.0; 11.5; 12.0; 11.0; 10.5; 11.0;         info:   1047490.12860 MHz
  103     50     46          50.2715426      3.7689e-03                 quant: 12.0; 11.5; 11.0; 11.0; 10.5; 10.0;         info:   1047490.29040 MHz
  104     50     45          50.2724255      1.5872e-05                 quant: 12.0; 11.5; 11.0; 11.0; 10.5; 11.0;         info:   1047508.68840 MHz
  105     49     44          50.3053614      1.4517e-05                 quant: 12.0; 11.5; 12.0; 11.0; 11.5; 12.0;         info:   1048194.96110 MHz
  106     50     43          50.3073069      1.2820e-05                 quant: 12.0; 11.5; 11.0; 11.0; 11.5; 11.0;         info:   1048235.49870 MHz
  107     51     48          54.4500181      1.3011e-05                 quant: 13.0; 13.5; 13.0; 12.0; 12.5; 13.0;         info:   1134555.70250 MHz
  108     52     48          54.4510588      4.8405e-03                 quant: 13.0; 13.5; 14.0; 12.0; 12.5; 13.0;         info:   1134577.38590 MHz
  109     51     47          54.4510653      4.8275e-03                 quant: 13.0; 13.5; 13.0; 12.0; 12.5; 12.0;         info:   1134577.52210 MHz
  110     53     49          54.4541124      4.8250e-03                 quant: 13.0; 12.5; 13.0; 12.0; 11.5; 12.0;         info:   1134641.01330 MHz
  111     54     50          54.4541191      4.8098e-03                 quant: 13.0; 12.5; 12.0; 12.0; 11.5; 11.0;         info:   1134641.15230 MHz
  112     54     49          54.4550098      1.6996e-05                 quant: 13.0; 12.5; 12.0; 12.0; 11.5; 12.0;         info:   1134659.71210 MHz
  113     53     48          54.4909837      1.5663e-05                 quant: 13.0; 12.5; 13.0; 12.0; 12.5; 13.0;         info:   1135409.28680 MHz
  114     54     47          54.4929282      1.3970e-05                 quant: 13.0; 12.5; 12.0; 12.0; 12.5; 12.0;         info:   1135449.80530 MHz
  115     55     52          58.6310068      1.4141e-05                 quant: 14.0; 14.5; 14.0; 13.0; 13.5; 14.0;         info:   1221673.48060 MHz
  116     56     52          58.6320418      6.0591e-03                 quant: 14.0; 14.5; 15.0; 13.0; 13.5; 14.0;         info:   1221695.04520 MHz
  117     55     51          58.6320475      6.0446e-03                 quant: 14.0; 14.5; 14.0; 13.0; 13.5; 13.0;         info:   1221695.16410 MHz
  118     57     53          58.6351048      6.0431e-03                 quant: 14.0; 13.5; 14.0; 13.0; 12.5; 13.0;         info:   1221758.86840 MHz
  119     58     54          58.6351106      6.0268e-03                 quant: 14.0; 13.5; 13.0; 13.0; 12.5; 12.0;         info:   1221758.98950 MHz
  120     58     53          58.6360080      1.8122e-05                 quant: 14.0; 13.5; 13.0; 13.0; 12.5; 13.0;         info:   1221777.68830 MHz
  121     57     52          58.6750297      1.6808e-05                 quant: 14.0; 13.5; 14.0; 13.0; 13.5; 14.0;         info:   1222590.76920 MHz
  122     58     51          58.6769736      1.5117e-05                 quant: 14.0; 13.5; 13.0; 13.0; 13.5; 13.0;         info:   1222631.27260 MHz
#---end------------------------------------------------------
#Ref: CDMS
